MAEFILE: Aniline.01.mae
&gen 
dftname=b3pw91-d3 
basis=6-31g* 
numd=5 
ip11=2 
iaccg=3 
isolv=2 
igeopt=1 
solvent=benzene 
ifreq=1 
esolv0=    -287.49644313441
nogas=1
&
&zmat
 N1             0.5687259906             1.1888584168            4.7915900696
 H2             0.6350972456             1.6901927771            3.9127071041
 H3             1.1124180500             1.6533170869            5.5110194893
 C4             1.1339249174            -2.9841886855            4.5260383711
 C5             1.3901621128            -2.3073014363            5.7188762969
 C6             1.2231139027            -0.9278681031            5.8071585822
 C7             0.7924495758            -0.1866772168            4.6929494843
 C8             0.5316258776            -0.8742126294            3.4949005380
 C9             0.7021757912            -2.2539860774            3.4181951013
 H10            1.2698777645            -4.0610600818            4.4607195964
 H11            1.7272568631            -2.8581018849            6.5951835375
 H12            1.4214007048            -0.4160940644            6.7480026523
 H13            0.1881632207            -0.3201376151            2.6222795253
 H14            0.4965249805            -2.7625193718            2.4779720491
&
&guess  basgss=ps_6-31g* numd=5
    1 Orbital Energy   -14.320079 Occupation  1.000000
  0.995330704306027  0.032419617142629  0.001202168550345 -0.000529162667312
 -0.000371556188354 -0.027955725260107 -0.002849652950270  0.005424069291629
  0.000975598254508  0.000167031304902 -0.000234972192576  0.000067940887674
  0.000098197325699 -0.000035130227379 -0.000037546572067  0.000083163042732
  0.003084882846319  0.000085056318927  0.003082859281168  0.000038698653975
  0.000209809074360  0.000012262164370 -0.000069729555517 -0.000005215091888
 -0.003810531730517  0.000250988796972 -0.002443585049320 -0.000132795894750
  0.000054777264391 -0.000035020053673 -0.000019757210718  0.000010923705224
 -0.000027958986585 -0.000003510615875 -0.000074463731479 -0.000592656181572
  0.000042275415432 -0.000191324866796  0.000099936606552  0.002170411829266
 -0.000738949866338  0.001054743495168 -0.002311316207945 -0.000151757052939
  0.000105731506038  0.000046025546901 -0.000019588619354  0.000060412853765
  0.000057825928756  0.000009345055353 -0.000103192930913  0.000038550745761
 -0.000062925737818 -0.000010060932016 -0.000136273479708 -0.000241371666724
 -0.001389925111779 -0.000963734971211 -0.000033600021906 -0.000245192195678
  0.000278792217584  0.000083259425966  0.000081498487319  0.000218204439854
  0.000056660860519 -0.000583535828790  0.000127801364500 -0.000746576043725
 -0.000055697793918  0.010195883728607 -0.001294680045959  0.011484817184237
  0.000657770433205  0.000151850883899 -0.000652225057380  0.000500374173481
  0.000217512549557  0.000138466350349 -0.000096989037361  0.000009283772531
 -0.000102721078531  0.000037374711720 -0.000062743117410 -0.000014852857937
 -0.000135972911317  0.000308011758158 -0.001424538756340  0.000879049586512
 -0.000005654763943 -0.000226603076323  0.000232257840265 -0.000058982248828
  0.000128089757400 -0.000252584610915 -0.000074528456449 -0.000593158880958
 -0.000021927400612 -0.000186279957951 -0.000114865845079  0.002175619635078
  0.000663196109272  0.000951028914518  0.002380604119442 -0.000141357477762
  0.000109758219898  0.000031599257864 -0.000047805270449  0.000078328024150
 -0.000034730775972 -0.000082543988906 -0.000612553757788  0.000123098335680
  0.001036298802042  0.000064887577127  0.000558648587077  0.000064298132436
  0.000557046033054  0.000123074862585  0.001037199715944
    2 Orbital Energy   -10.209584 Occupation  1.000000
  0.000122796716634  0.000366698829162 -0.000116519412027  0.000889576705062
  0.000055270502023 -0.002552154591088 -0.000507549378755  0.002224952585247
  0.000203834690683  0.000981281745747 -0.001796768373528  0.000815486627781
  0.000555726671319 -0.000046873041282 -0.000235664228693 -0.000009861767651
  0.000148038923745 -0.000009955694936  0.000147016492097  0.000102913517723
  0.000462702774070  0.000013674073078 -0.000104697031375 -0.000006608099449
 -0.007997629881244  0.000645765645637 -0.005305516980700 -0.000314557297037
  0.000126897540974 -0.000063925563795 -0.000062971977179  0.000031494546068
 -0.000071107942010 -0.000008883198953 -0.000418798719737 -0.001116397048715
  0.000079573535863 -0.000298204972702  0.000135709788433  0.007184669706329
 -0.001668961572483  0.002808901535883 -0.004412275878114 -0.000282499110279
  0.000135330199311  0.000147168910969 -0.000040823004249  0.000144482038494
  0.000099996633206  0.004524457898879 -0.000914985006412  0.000358332766156
 -0.000608588516977  0.000909532928483  0.001183553122126 -0.000457793909578
  0.002651622276157 -0.000100001337150  0.000584738995507 -0.000130023912172
 -0.000454715083335  0.000412201223538 -0.000536421853106  0.000922191805699
  0.994982107839816  0.034873066828480 -0.000138399647887  0.000206967628559
  0.000045759708499 -0.016101696645880 -0.000417248485888  0.004147325085041
  0.000220580477128 -0.001002010645805  0.000806193179277  0.000195817466528
 -0.000352246457898  0.000444391757969  0.000118621032036  0.004528942201479
 -0.000915134394942 -0.000207347300488 -0.000565358613474 -0.000982360110826
  0.001184416142041 -0.000293426630437  0.002638807390028  0.000448072179564
  0.000694073379054 -0.000053668059499 -0.000640405319555 -0.000158675817928
 -0.000357155274763 -0.000967400934966 -0.000399914500136 -0.001117273305512
 -0.000011302998440 -0.000291958048720 -0.000169513468397  0.007186552731520
  0.001060932714343  0.002596098594263  0.004719417836342 -0.000269416047953
  0.000141237187443  0.000128178860510 -0.000090213207121  0.000165910204743
 -0.000062490316598 -0.000171506966230 -0.001396325890280  0.000181986442688
  0.001854402244899 -0.000335083670212 -0.000332098590087 -0.000334539985488
 -0.000332189498638  0.000181690185480  0.001853884510298
    3 Orbital Energy   -10.167445 Occupation  1.000000
  0.000043684303016  0.000442374956025 -0.000023147955777 -0.000010418131971
 -0.000017049653376 -0.003721235423607 -0.000149394431692  0.001687899666305
  0.000408683464088  0.000059717632183 -0.000084075166654  0.000024357534471
  0.000018869108447  0.000015035400837 -0.000022354215412  0.000148104159743
 -0.000257834915138  0.000054799524065 -0.000307699619002 -0.023692331019558
  0.000396419157115 -0.000398123553116  0.000639268846934 -0.001031515043729
 -0.001505033349203  0.000509964421754  0.001273716175464  0.002313323689454
 -0.000559543422653 -0.000158309188077  0.000717852610730 -0.000361014505464
  0.000634304089382 -0.000885237502612  0.014625300589458  0.001378587802566
 -0.000079542666943 -0.000050396951029 -0.000290038126425 -0.006378863400999
  0.001346287385369 -0.002317834402726  0.003507366663110  0.000192362456368
 -0.000182544680018 -0.000009817776350  0.000064631841673 -0.000079858526936
  0.000004601316133  0.000722554801928 -0.000306049374165 -0.000040240003997
  0.000007868463112 -0.000112851927951  0.007460864991205 -0.000866726929319
 -0.002223185598187 -0.004197157956769 -0.000090693859531  0.000024497251679
  0.000066196607852 -0.000023147892625  0.000054269743340 -0.000012041957371
  0.000043599235378  0.000933323102061 -0.000005359169204 -0.000283753064291
 -0.000146522110987 -0.004690946877411 -0.001218507374331  0.006921576053296
 -0.000422143945484  0.000104828057442  0.000042730166877 -0.000147558224319
  0.000029549617850 -0.000116238593559  0.000128656762960 -0.046198807377381
 -0.000328777185472  0.000143360330816 -0.001259584475391 -0.000104899191129
 -0.001082931825679  0.000762403273910  0.000285935666902  0.002560396265783
 -0.000726932024621  0.001292392651904 -0.000565460627283 -0.000266056756298
  0.000042770853805  0.000226489008678 -0.993609396598969 -0.035030333460072
 -0.000151801933721 -0.000425606201242 -0.000682670826294  0.020286474199817
  0.000067733773324 -0.000146054213135  0.000155351705421  0.000634605113920
 -0.000570853053073 -0.000063752060847  0.000312657150011 -0.000326444350516
  0.000333299568407  0.000363204023132  0.000578328269651 -0.000157299146990
 -0.001366746289971  0.000141173039200  0.001268812397960  0.000447270844914
  0.000856129594620  0.001123027448765 -0.004354837411797
    4 Orbital Energy   -10.167413 Occupation  1.000000
 -0.000045124914946 -0.000456839114943  0.000010778380735  0.000011854427210
 -0.000026157131903  0.003837847766889  0.000333166062255 -0.001756186026951
  0.000176533931469 -0.000039857340073  0.000088270165649 -0.000048412825576
 -0.000028144975914  0.000023075121350 -0.000001552163118 -0.000059340627642
  0.000316399021398 -0.000150205698278  0.000267281029671  0.024452665717116
 -0.000407221884754 -0.000229808207337 -0.000609080831360 -0.001077635129684
  0.001554584007105  0.000813122023059 -0.001412748715604  0.002094270919725
  0.000691108229078  0.000234671350923 -0.000925779580002 -0.000162594794739
 -0.000462935046448 -0.000854473953615  0.993580382235469  0.035005487667902
 -0.000240483650183  0.000457394135712 -0.000627285604980 -0.020113707739763
 -0.000006412787973  0.000208051794003  0.000074970755491 -0.000691160264108
  0.000544213239026  0.000146947025082 -0.000072022577779  0.000245154588661
  0.000468444555793  0.046540884891116  0.000348504345217 -0.000160228367657
  0.001261413137312  0.000048288398029  0.000863040241808  0.000788036537686
 -0.000339197258585  0.002665223091921  0.000722724881776 -0.001300609638957
  0.000577884757182  0.000320574529963 -0.000056219976447 -0.000047397474084
 -0.000028176959677 -0.000957870335384 -0.000071177843957  0.000297481010582
 -0.000107770756398  0.004816483898727  0.000734843005400 -0.007088135403562
 -0.001303721995624 -0.000122103116717 -0.000054757336529  0.000176860453246
  0.000042149668842  0.000094849101007  0.000107651749431  0.000837800396356
  0.000323382937201 -0.000032502734774  0.000033417964148 -0.000113404738026
 -0.007432833904970 -0.001571007360206  0.002403225201343 -0.003957106684895
  0.000107316304517 -0.000059989389112 -0.000047326915406  0.000021285718046
 -0.000062395209530 -0.000026689339402  0.013831700504600 -0.000372702430047
 -0.000087072947682  0.000074042029668 -0.000262985333292  0.005795189196509
  0.000825508877797  0.002153357839763  0.003760251957482 -0.000214486048267
  0.000196859992343  0.000017626055924 -0.000058636509786  0.000083562071511
  0.000035252049855 -0.000376026039238 -0.000593754358384 -0.001118731941926
  0.004395352500049 -0.000451632117158 -0.000891894137265 -0.000154291191643
 -0.001291694496940  0.000125447313512  0.001491781296827
    5 Orbital Energy   -10.162248 Occupation  1.000000
 -0.000004401247739 -0.000007379284204  0.000018323503984 -0.000043233944589
  0.000040028952614  0.000809309037303  0.000133344721552 -0.000305532089198
  0.000232428326426  0.000031579705012  0.000012766551944 -0.000044346256956
 -0.000016708458066 -0.000014354071193 -0.000063745162671 -0.000036467974269
 -0.000019949167249  0.000022750999808  0.000070862756187  0.001519855467345
  0.000337782045738  0.000023746142901  0.000071633301828  0.000115505412706
 -0.002045317751479  0.000318716581825 -0.001613389698731  0.000306668169205
  0.000084381709740 -0.000021311631490 -0.000063070078250  0.000028710633887
 -0.000060934099071  0.000030603225681  0.039784483287044  0.002679095110510
 -0.000134591171530  0.001101656619649  0.000062470890050 -0.005675847429226
  0.000260502990108 -0.002002215602197 -0.000072589738957 -0.000628906579114
  0.001136513647836 -0.000507607068722 -0.000215212981057  0.000016180502001
  0.000250201300333 -0.851826636706684 -0.030651532657418  0.000176430690755
  0.000340927962955  0.000766822983886  0.021638135048348 -0.000545318642382
 -0.000463652327438 -0.002016775775822  0.000491593089216 -0.000494201199552
  0.000002608110336  0.000255003043664 -0.000229288831082  0.000271829369024
  0.001509866828193  0.000425674067861  0.000457460687029 -0.000218437419498
  0.001446559190765 -0.000535033600833 -0.001076366423626 -0.001183479143057
 -0.004287780385292 -0.000149656814471 -0.000026937296242  0.000176594110713
 -0.000389237709367  0.000320146880943 -0.001196632064485  0.512421568466747
  0.018979718426604  0.000205978847560 -0.000252800170494  0.000563840801651
 -0.017224062998356 -0.001381735173372  0.001920740433750 -0.003709964214281
 -0.000172759457314  0.000169352015889  0.000003407441425  0.000004445783448
  0.000035787388762  0.000213424807685 -0.023982245150453 -0.001818764719953
  0.000085096074353 -0.000610435439324  0.000000311520813  0.007594955801475
  0.000343612672441  0.002418043446553  0.002287398517556  0.000310097989551
 -0.000640172926929  0.000330074937377  0.000157163274980  0.000000438972513
  0.000000393196253 -0.000065711150294 -0.000541606471990  0.000165306409697
  0.000174794365056  0.000957406521925 -0.003229114799136 -0.000686038125355
  0.000913439913570 -0.000029428034867  0.000506532188628
    6 Orbital Energy   -10.162238 Occupation  1.000000
  0.000017768043868  0.000026348675142 -0.000019040248173  0.000170626058187
  0.000020971950211 -0.003242500959410 -0.000208329925674  0.001199240556018
  0.000158178751957 -0.000103680523900 -0.000041130307781  0.000144810831681
 -0.000016082642577  0.000097327545781 -0.000017873116344  0.000019261299169
 -0.000114446626815  0.000034055638641 -0.000090931832054 -0.005860608318810
 -0.001338906192972  0.000044347947762 -0.000296505350525  0.000009143772656
  0.008199105972319 -0.000766313838565  0.006437174603550  0.000483692799450
 -0.000347255555679  0.000077605743175  0.000269649812504 -0.000071554324137
  0.000230965817239  0.000023654236680 -0.023870001060999 -0.001171465224946
  0.000119094361085 -0.000777137402028  0.000038212168720 -0.005499204878610
  0.001507310400957 -0.001599559245066  0.004390127983206  0.000505886810510
 -0.000787931910519  0.000282045100009  0.000156793759324 -0.000060889253551
 -0.000186804598607  0.512165297610775  0.017271104942411 -0.000030941689387
 -0.000160147902760 -0.000175393145316 -0.004030360554170 -0.000905104173389
 -0.002847327450691 -0.004601298092681 -0.000605695187519  0.000537099593448
  0.000068595594071 -0.000241441140618  0.000278389403912 -0.000145728221683
 -0.006078228300869 -0.001710880388307  0.000021390605305  0.000734703659045
  0.000406423419621  0.002140123937742 -0.001036772791998  0.005166961144423
 -0.000705916986361  0.000918551826222  0.000312878160977 -0.001231429987199
  0.000024203008062 -0.000763623732253 -0.000285858518188  0.851691191177787
  0.029623428193005  0.000186773394305 -0.000322861265047  0.000477913196425
 -0.013695589053708  0.001226567382734 -0.002433448463349  0.002809702470621
 -0.000800595476975  0.000678049307813  0.000122546169163 -0.000127914353990
  0.000295998518842  0.000422363783360 -0.039322241641901 -0.002275388525380
  0.000122785931256 -0.001198328466261 -0.000147359485099 -0.002209176213552
 -0.001142627557636 -0.000290367332741 -0.003956300401658  0.000721211421399
 -0.001240538894925  0.000519327473526  0.000330943041739 -0.000095336545537
  0.000020461343734  0.000264344254594  0.002176826841463 -0.000250758957826
 -0.001408777691020 -0.000340868278858  0.004137504716835 -0.000749758674804
  0.005168887010218 -0.000301353345807 -0.001325503315498
    7 Orbital Energy   -10.157940 Occupation  1.000000
  0.000010225516294  0.000096148044439 -0.000011101578949  0.000011908446128
  0.000003543251253 -0.001820712795743 -0.000092590996815  0.000640157027126
  0.000043184706726 -0.000016630446377  0.000018361970766 -0.000001731524389
 -0.000000396276112  0.000005695012607  0.000000601781290  0.000028220455939
 -0.000139000299831  0.000027990164951 -0.000139091814442  0.994445637283454
  0.035128511299758 -0.000108555383815  0.000886835356423  0.000053595534865
 -0.020560707502484 -0.000063203353947  0.000523168088187  0.000029179330340
 -0.000718320335000 -0.000009800005701  0.000728120340701 -0.000137559534197
  0.000544838869699  0.000017816605905 -0.024203981211143 -0.002032322608545
  0.000244714866976  0.000587383491725  0.001111687257541  0.001469742030979
  0.000508910184754 -0.003058000184477  0.000302561447766  0.000768842388347
 -0.000015636962433 -0.000753205425914 -0.000167430753537 -0.000399115290477
 -0.001041367757855  0.002964174129541 -0.000780762625862  0.000008409650500
  0.000212445285497  0.000143864477547  0.006640899252844 -0.000950411674859
 -0.002497844415661 -0.004539528909633 -0.000257356258297  0.000149342847101
  0.000108013411197 -0.000092751492602  0.000148023831781 -0.000069052291923
  0.000024773546051  0.000461736843659 -0.000004103030798  0.000044239827697
  0.000002147281785 -0.007121368978706 -0.000743217496503  0.005646946911739
  0.000349400416431  0.000115670182208 -0.000029677746431 -0.000085992435777
  0.000017237530967 -0.000076158184701 -0.000002742251145  0.002885815486403
 -0.000780572417269 -0.000068460382521  0.000215833390527 -0.000116316680148
  0.006636758405016  0.001662960649326 -0.002702962849172  0.004202291319117
 -0.000266032560930  0.000143491465957  0.000122541094972 -0.000039937020990
  0.000134495823124  0.000108768627118 -0.024126906352988 -0.002029409123361
 -0.000397804678372  0.000636173159109 -0.001037019851431  0.001464314105046
  0.000221353983733 -0.003035936388983 -0.000661617323455  0.000637657418822
 -0.000098590913812 -0.000539066505010  0.000448653867545 -0.000616815840888
  0.000995676651804 -0.001064317003458  0.004678530905556 -0.000328094217230
 -0.000929307114556  0.000196526099319  0.001776634130919  0.000196879426987
  0.001776107936574 -0.000327100503380 -0.000928835415061
    8 Orbital Energy    -0.919139 Occupation  1.000000
  0.172626812396173 -0.351275425904689 -0.060778406700996  0.046101442446179
  0.019274825855734 -0.393968781233534 -0.034173331278163  0.028371971515709
  0.010856332696901  0.011290880268133 -0.006245464183458 -0.005045416084675
 -0.001343961874927 -0.006216819835174  0.000413372091194 -0.100982644770698
  0.001897057717161 -0.100892990599300  0.001889193559912  0.015612911006409
 -0.026948273172351  0.001671831984120 -0.013638292721722 -0.000818002747234
 -0.042329711535433  0.001698154267305 -0.014998595931536 -0.000849913423951
  0.001699420930657 -0.001130341578320 -0.000569079352337  0.000454089260799
 -0.000847299918290 -0.000145083034780  0.019762536228188 -0.039372992322630
  0.004922348507601 -0.015351529814226  0.009651500267303 -0.012541493535855
 -0.004163327945408  0.000208918151604 -0.014977013409152  0.001539945179606
 -0.001587894083713  0.000047948904107  0.000635586248055 -0.000633813652202
  0.000269538771818  0.045546960277200 -0.083339470777725  0.012531496453727
 -0.021187676572600  0.032836168714524 -0.060462145375115  0.004712864199219
 -0.014698962169938  0.010788819706954  0.004344330314133 -0.002271849073285
 -0.002072481240848  0.002081103944530 -0.002891760107239  0.003045135579172
  0.114438665766859 -0.224045428753777  0.010571281677135 -0.086256610786282
 -0.005133234954286 -0.055723553356936 -0.003449165451224  0.024879472148036
  0.001627327221471  0.011110823722355 -0.015149861345120  0.004039037622765
  0.003646885234140 -0.002577652549037 -0.001582981897022  0.045561280119232
 -0.083364822944304 -0.007820315081518 -0.019628924609624 -0.035196798438861
 -0.060453432814015 -0.002166294708138 -0.014170189755144 -0.012221808617382
  0.004711726853773 -0.002005744772817 -0.002705982080956  0.000062256941556
 -0.002297347594935 -0.003640145988237  0.019762108413467 -0.039372328786388
 -0.001376805257418 -0.014865714362866 -0.011411101584935 -0.012548808022915
  0.004737981882518 -0.000489267352674  0.014799227635906  0.001602757111085
 -0.001551354042390 -0.000051403068695  0.000359552748489 -0.000530124248616
 -0.000643510543653 -0.004341926678996 -0.003529921026096 -0.005186985573345
  0.006036798206845 -0.017828394535948 -0.003339782952021 -0.017837332232455
 -0.003346852437877 -0.005187969852061  0.006037614282400
    9 Orbital Energy    -0.835286 Occupation  1.000000
 -0.076760512213233  0.161513141466544  0.028553096522278  0.018667925873760
 -0.008128491663555  0.170186424688630  0.014800280611846  0.013710739587702
 -0.004092803807378 -0.003400684952105 -0.001096891925999  0.004497576878103
  0.002913590892043  0.003070631306915 -0.001043809140673  0.056605916234976
  0.001296976020803  0.056553531506614  0.001294594947898  0.102169033839810
 -0.191258894356632  0.007667890552884 -0.062614528447947 -0.003764769933815
 -0.120369499730042  0.000618063154667 -0.004471982719709 -0.000256298867142
  0.008193938321311 -0.004777832722067 -0.003416105599244  0.002160787289859
 -0.004340955634089 -0.000652621080744  0.099195161671810 -0.185726868892872
  0.018322302641422 -0.024224545101577  0.051076461632146 -0.127559299522544
  0.003375565594694 -0.003807949250255  0.010565360323825  0.007936337621157
 -0.003601457242990 -0.004334880378168  0.001845822736996 -0.004530190506749
 -0.000764916113786  0.078352429451094 -0.146199864633255  0.004391130700769
  0.048938773816571  0.037941393978396 -0.091801381057732 -0.000755473718383
  0.007542887257778 -0.000570221420590  0.006328129198647 -0.003968661771250
 -0.002359467427397  0.001071117286314 -0.002922333101130 -0.002663526391920
  0.038201720881132 -0.071292456504292 -0.012637405416314  0.114189583819397
  0.006419183084283 -0.060437237727476 -0.004584221673485  0.025844850400751
  0.001923852816038  0.001661720691919  0.004913012313835 -0.006574733005754
 -0.000014332359866 -0.003125646475518  0.000332062062410  0.078330993185974
 -0.146153444091915 -0.016531636533833  0.050537917214867 -0.032010201776530
 -0.091817674123519 -0.000227618071360  0.007469743112968  0.001175662589637
  0.006083826557047 -0.004138216813386 -0.001945609743661  0.002351741173252
 -0.003318171782423  0.001581658832908  0.099167412993306 -0.185677974386756
 -0.013024932730471 -0.021786423903012 -0.053720403022776 -0.127508330942166
 -0.003025030184649 -0.003336647622978 -0.010814934788871  0.007880561538801
 -0.003617626880960 -0.004262934657841  0.001993341556316 -0.004619225883723
 -0.000284523453574 -0.039117017148868 -0.003731369368691 -0.038834357203892
 -0.006100123784831 -0.027313732057566  0.000157405133637 -0.027299767559908
  0.000160582604272 -0.038824873100713 -0.006100577012607
   10 Orbital Energy    -0.742443 Occupation  1.000000
 -0.000033893577192  0.000069659088782  0.009109098327356 -0.000667942407609
  0.030430810075496  0.000100591663401  0.003894962739717 -0.000287208857319
  0.013002711033767  0.000887489907305  0.000066666411444 -0.000954156318749
 -0.000550786734652  0.001552838346892 -0.001706791002714 -0.011646755480960
 -0.003074771105298  0.011711492147023  0.003083458116464 -0.000019234348471
  0.000040611730699  0.030455199428161 -0.002360335996515  0.101864118359315
  0.000041807147713  0.005018134498597 -0.000385481169951  0.016786220619378
 -0.000570002766669 -0.000359610190546  0.000929612957215  0.002708893724119
 -0.000935775766661  0.008962167969663 -0.109978285036806  0.212400498743263
 -0.003131422828597  0.059080798211191  0.016713358313425  0.167991004918063
  0.002832877952504  0.005959148288310  0.012680270035241 -0.007199351322848
  0.007873147939506 -0.000673796616658 -0.002842867649029  0.002689483885286
 -0.000782050763097 -0.114451302887732  0.220362898643876  0.009308868032628
 -0.052523081231155  0.006523843921402  0.170330594059854  0.003657400216652
  0.002736062876539  0.011257490769214 -0.007778252671377  0.007811640794195
 -0.000033388122818 -0.001911242336386  0.002498136015035  0.002528591066441
  0.000033899305886 -0.000069031483252  0.036324702381340 -0.002769926815271
  0.121503321873171 -0.000037755267693  0.005551501722265 -0.000438025251037
  0.018555695837864  0.000517781962029  0.000343270647523 -0.000861052609552
 -0.002555563393768  0.000848324064711 -0.008458183016440  0.114490867379917
 -0.220440569135391 -0.003565071851684  0.052027657338023  0.012740158157566
 -0.170398115607478  0.003073961891224 -0.003265413684559  0.011267349806384
  0.007499373203515 -0.007941114851767  0.000441741648252  0.002887142321721
 -0.002972926431907  0.000694939396920  0.109966305666387 -0.212380326207763
  0.011025114594307 -0.059719861196595  0.009733118235289 -0.167995202358623
  0.004497991100244 -0.006525847982854  0.011877844007666  0.007413417804622
 -0.007737799231884  0.000324381427262  0.001826579561555 -0.002335029052592
 -0.002590081229902  0.000019867240107  0.000002147941850  0.064968484328684
  0.010280480916585  0.068321431467587  0.010705694188655 -0.068334463654934
 -0.010709373360511 -0.064967386369022 -0.010284783821689
   11 Orbital Energy    -0.723547 Occupation  1.000000
  0.065925916416957 -0.140982239943553 -0.028703044458068 -0.099635960704995
  0.006323363237925 -0.170445331265578 -0.016229074584306 -0.046695197428580
  0.003763653762158  0.001432508967133  0.005128636562379 -0.006561145529512
 -0.006383068426315 -0.003202350965484  0.002245599897342 -0.072313513627519
 -0.009878852986441 -0.072237158597193 -0.009867538278305  0.125515006427220
 -0.241417748569705  0.001655768301299 -0.013758942045390 -0.000804823124812
 -0.202606200039310 -0.001223289294057  0.007895567591632  0.000618425268354
  0.007743539173269 -0.003761481478850 -0.003982057694419  0.001964827398968
 -0.004391161633290 -0.000545593762916  0.053424403458450 -0.104332385813034
  0.004640033079742  0.091352960579294  0.059723501311721 -0.077321776935965
 -0.003029385095445  0.019509678269044 -0.001389046458217  0.003055144981027
  0.004730240050962 -0.007785385031989 -0.001385981797381 -0.003321723678560
 -0.004232158894792 -0.074106452204713  0.143690084582139 -0.024453478675034
  0.061676553478321 -0.051734664980662  0.104206860397365 -0.000416950047042
  0.014159934446111  0.008871602100783 -0.003668979812681 -0.003559084100565
  0.007228063913246 -0.001215022291453  0.004731407234938 -0.002989132106882
 -0.105424924111903  0.209428227278031  0.007140218883374 -0.097042971457251
 -0.004363015460305  0.173168332820865  0.005787787040132 -0.026678557682997
 -0.002316339139527 -0.004234237373548 -0.005322242340469  0.009556479714016
 -0.001081817964910  0.005203992856680 -0.000111390269176 -0.074054458625537
  0.143584168332766  0.008742849732588  0.059144073187236  0.059258333942121
  0.104197264883040 -0.005022323358596  0.014513495690171 -0.006559568097686
 -0.004132326692240 -0.003782434941812  0.007914761634051  0.000468094912392
  0.003951033206830  0.002551614415029  0.053478210753441 -0.104435453841684
 -0.027723265519953  0.093808830842080 -0.048503202343919 -0.077361483379744
 -0.001518761284272  0.019327528369839  0.003685764602184  0.002459427484179
  0.004359222047530 -0.006818649531709  0.001384450029916 -0.004309833132303
  0.004916274995277 -0.078017379535550 -0.014686103102962 -0.034222570648207
 -0.004200878079769  0.041553589844936  0.001285631186913  0.041519240002240
  0.001275208992890 -0.034254704694659 -0.004212728593116
   12 Orbital Energy    -0.608778 Occupation  1.000000
 -0.000029208084020  0.000056407874712  0.039137637573682 -0.002928861937005
  0.130954875196398  0.000124398941834  0.020569355516561 -0.001547490770083
  0.068805245641088  0.003721999386101  0.000083336765426 -0.003805336151527
 -0.000815313678562  0.006535867757141 -0.002138938167859 -0.057145462506636
 -0.019962479499835  0.057242971276402  0.020000451822880  0.000059571359794
 -0.000120753144274 -0.051889285670056  0.004063016415377 -0.173535169422894
 -0.000086604228180 -0.011812428720941  0.000944555003783 -0.039500100962635
  0.000521589772003  0.000310547014158 -0.000832136786161 -0.002374191445036
  0.000856386241973 -0.007852570258899  0.089072081789439 -0.179121648809555
 -0.013188477317028  0.090107856274625 -0.001498729763749 -0.134880728388509
 -0.014802605073317  0.049115400919700 -0.023897953768477  0.003134810749933
  0.002125568628885 -0.005260379378818  0.000853267684128 -0.003465518231850
  0.001884973917676 -0.075172692144886  0.150184440786225 -0.019267685566838
  0.131115040323377 -0.002665460113728  0.118087138596961 -0.000462375558268
  0.063992202908461  0.023174502183542 -0.003006265752184 -0.002790490250398
  0.005796756002582 -0.000002042516680  0.003134688188547  0.000363528129719
  0.000050576611805 -0.000097043171822  0.065039160067802 -0.005039963181793
  0.217508975596286 -0.000108915259660  0.013396228460544 -0.001051083052173
  0.044769161540021  0.000159713772823  0.000096060198092 -0.000255773970914
 -0.000715190037093  0.000259923798068 -0.002363924320281  0.075124454856486
 -0.150092963777442  0.012934194572262 -0.130787441450895 -0.018513046125252
 -0.117975787045078  0.012262349519475 -0.064934460705543  0.016349788410472
  0.002850996166644  0.002748298605391 -0.005599294772035  0.000337811586603
 -0.003397293241240  0.000756389790787 -0.089141490426810  0.179260207295937
  0.009022767785950 -0.089633722636464 -0.012458774201372  0.135009841322690
 -0.001360458100185 -0.047838859535815 -0.030235919313188 -0.003357895634066
 -0.002264209897765  0.005622105531831  0.000202756195162  0.003101444525045
  0.001630561364378 -0.000081180956894 -0.000019287019987 -0.092231682846356
 -0.025806581479424  0.084441748150350  0.024990753809980 -0.084393974617506
 -0.024965880227197  0.092309619479034  0.025834122114224
   13 Orbital Energy    -0.595079 Occupation  1.000000
 -0.028380113525463  0.059984201746363  0.025303607511242  0.204456606447930
 -0.003048668232118  0.098522817731545  0.015789979088500  0.093489646706482
 -0.002633061002039  0.000412124301814 -0.007615004042254  0.007202879740440
  0.009069412090363  0.002811890931268 -0.003130189608080  0.078979757414659
  0.027946981059106  0.078767736152239  0.027873493838870  0.094606881912131
 -0.189806116286679 -0.006710723484137  0.054722212642332  0.003340577540432
 -0.145151221521864 -0.006535360906446  0.054813997541371  0.003341614048926
  0.003874192779794 -0.006312485350675  0.002438292570880  0.001583374287546
 -0.000498930703604 -0.000695625217872 -0.048160481844240  0.096509106279979
  0.019309220465222  0.119959779528859  0.120431110491855  0.078350881748992
  0.011365278564159  0.024684165987267  0.051000186479301 -0.001891266812022
  0.004889126274304 -0.002997859462282 -0.002415092982116  0.000393339117205
 -0.004406452812389 -0.047193802574697  0.093418518798409  0.052117243804632
 -0.124974208433904  0.109288728000851  0.080451101359525  0.017048037000129
 -0.021215196613309  0.038379475090755 -0.002875285813916  0.005111196126973
 -0.002235910313057  0.000664611011415 -0.001114007779382  0.005554660246617
  0.098210909261071 -0.206201202460826  0.017773042669837 -0.042206734508943
 -0.006456778229911 -0.152670063775041  0.001990091797414 -0.027566139738412
 -0.001323588704773  0.002323020896590 -0.002256938262201 -0.000066082634389
  0.002803008484446 -0.000830177200872 -0.000891440870261 -0.047270810893080
  0.093583239821928 -0.017983464684393 -0.119361629467706 -0.125123240836971
  0.080523190235467 -0.007089710741416 -0.019281078034405 -0.042356912027273
 -0.001856298785582  0.005517214472871 -0.003660915687290 -0.002420382470311
  0.000611673983187 -0.004590390433780 -0.048081126303688  0.096338219653811
 -0.048395105658171  0.125262472983018 -0.106022364372170  0.078376194574702
 -0.018132574697206  0.026943439631063 -0.047668760280748 -0.002527591070002
  0.004499002973928 -0.001971411903926  0.000534205730937 -0.000661532941545
  0.005351394632577 -0.100411979367107 -0.028853393291761  0.057118581330049
  0.017821187801122  0.059244691678933  0.024272777475627  0.059322411456783
  0.024295514311607  0.057045060758480  0.017801773039625
   14 Orbital Energy    -0.521114 Occupation  1.000000
 -0.008399992756108  0.014774768845980  0.030394775658398  0.247450319311546
 -0.003645156629922  0.042280584000730  0.020965524187748  0.124905214446894
 -0.003488819308370  0.000555805677193 -0.005557673138907  0.005001867461714
  0.009459558809634  0.001924715470826 -0.003135108539147  0.077668246614561
  0.032433805172553  0.077378360362229  0.032302267684365 -0.000215970533540
 -0.000358480680581 -0.017939118234292  0.151286982641157  0.008780582056153
 -0.026880942673302 -0.005063581617711  0.047876819775656  0.002680521406255
  0.000495337306899  0.003034903461791 -0.003530240768689 -0.000136013925842
 -0.001530182733940  0.000229882239760  0.018828411820451 -0.040316751230181
 -0.056456408300996  0.085036640874621 -0.157262451343209 -0.051977220693302
 -0.023702247182283  0.033034419547116 -0.065257281216388  0.001289125325186
 -0.000889092559040 -0.000400032766146  0.000224886214927 -0.000572437840883
 -0.001145613414213  0.003951927103782 -0.009616361162765 -0.033308632227980
 -0.060690229876777 -0.164097297468731 -0.025366304103387 -0.009210236923774
 -0.027235312944814 -0.059949029417501  0.000539185337668 -0.002980309968173
  0.002441124630505  0.001550687570733 -0.000363243178777  0.001562012725450
  0.008817955675373 -0.023452816963792  0.049920221350155 -0.226686626835749
 -0.020181251309941 -0.010149060131544  0.009639448273084 -0.060224556182614
 -0.004384675225882  0.000697289041602  0.000015292118673 -0.000712581160274
  0.002975935162004 -0.000451193017925 -0.000874887107171  0.004001464525341
 -0.009712216869627  0.061384940211723 -0.068028356574409  0.152741876792395
 -0.025564833397052  0.024827774597954 -0.029960546690527  0.053854855571463
  0.001415550233644 -0.002827570574243  0.001412020340598  0.000324636796696
  0.001139119931816 -0.002390000363958  0.018805909057482 -0.040274399820309
  0.040158294711900  0.077405706453439  0.165924545342220 -0.051864891247384
  0.016416814864179  0.029809450658090  0.068967805883912  0.001253110363181
 -0.000967059286279 -0.000286051076901  0.000813569763175 -0.000613974516835
  0.000809748325805 -0.074886252305952 -0.043075635114630 -0.110480099690879
 -0.057162135241952 -0.090810215132208 -0.048101879565449 -0.090848690809410
 -0.048118905375463 -0.110442567245286 -0.057147915666230
   15 Orbital Energy    -0.502930 Occupation  1.000000
  0.000034766126588 -0.000062277836462 -0.116006768319808  0.008915600804212
 -0.388564118286954 -0.000188127970660 -0.063767853168129  0.004873325656621
 -0.213534566466298 -0.010211747443112  0.000423318387723  0.009788429055389
 -0.002705064461868 -0.018059459171072 -0.010706234967843  0.194052974732179
  0.094603798038844 -0.194137533712915 -0.094665523998110 -0.000045620208963
  0.000094509656421 -0.043270470041188  0.003163090298374 -0.144833161088612
  0.000066396003181 -0.015097120599563  0.001059198718598 -0.050576288200901
  0.000120632144479  0.000097881421108 -0.000218513565586 -0.000710036368117
  0.000198227528091 -0.002349551769471  0.021496931853786 -0.042988572089897
 -0.009849400861940  0.146134060933957  0.037603698748512 -0.051878863856117
 -0.004265722643404  0.040442385227069  0.001494561099042  0.000606685940917
  0.002973455737762 -0.003580141678680  0.000180940874596 -0.001791378940765
  0.001381075947342 -0.041163981369429  0.082480191524091  0.026717468094763
 -0.071405000058818  0.057825854564636  0.099046047156250  0.009924041464454
 -0.027571309720640  0.029837686772647 -0.001391139357718 -0.000334722151014
  0.001725861508732  0.000841232286941  0.000524765940561  0.003690582872404
 -0.000021937819985  0.000041325573851 -0.026697793410102  0.002120458329417
 -0.089406999269125  0.000094814507915 -0.008400024024708  0.000672334189536
 -0.028153883765417  0.000812955608873  0.000634180163167 -0.001447135772040
 -0.004810491654179  0.001325558929680 -0.015967935697786  0.041136010485359
 -0.082417012636692  0.010233424011057  0.068819211523805  0.065822351655746
 -0.098995220548400  0.008387436997219  0.026216764888984  0.031418940169186
  0.000899997867784  0.000035281387426 -0.000935279255209  0.001375058317367
 -0.001327468793993  0.003629475535453 -0.021444441000286  0.042875695116673
  0.027026286108922 -0.147652341764452  0.019637025546085  0.051835490340630
  0.003900067992356 -0.040486883957862 -0.002803269061220 -0.000755802121656
 -0.003064130487082  0.003819932608739  0.000503277256396  0.001543385341549
  0.000889810309032  0.000127756690858  0.000067009574467 -0.044933863355610
 -0.023886375346285  0.045956037912805  0.013943252950950 -0.045764315904832
 -0.013839503148698  0.044982140447257  0.023939376702743
   16 Orbital Energy    -0.474256 Occupation  1.000000
 -0.013462339442935  0.033560106417476 -0.034840863885858 -0.249535211035690
  0.004500527368297  0.043025037837154 -0.021219837971702 -0.127696193019324
  0.003288583618019 -0.000931810339352  0.006287495720602 -0.005355685381249
 -0.007923495849428 -0.001906150218016  0.002691320289673 -0.069690645806385
 -0.046637481356224 -0.069801829412740 -0.046706728916889  0.056773180238816
 -0.120113892386614 -0.029070633844665  0.212016844336703  0.013500119253499
 -0.060504955756627 -0.019519937608943  0.140981631828450  0.009240347279384
  0.002404945492985 -0.011438957755532  0.009034012262547  0.001700566142390
  0.002565655248483 -0.001065882407119 -0.056303193133743  0.120990530417988
  0.002235167741637  0.014795337937087  0.029340031478140  0.056652838519375
  0.020862462361153 -0.021697290713017  0.063015749863579  0.000636419245749
 -0.005379564837995  0.004743145592246 -0.002396634804540  0.003336398307348
 -0.009913926501291  0.050990052926733 -0.106931453481943 -0.017193391420148
 -0.126856177971397 -0.082075612100145 -0.074966467567231 -0.019563340707858
 -0.066320575488154 -0.071204658982168  0.001932833308005  0.007763389195313
 -0.009696222503317 -0.003525887259088 -0.001992267055033 -0.006652474081882
 -0.027175744069743  0.064815237703504 -0.052557881087554  0.165458781697486
  0.019440720848425 -0.008083792629565 -0.015666455514478  0.061358870436212
  0.006049391033626 -0.001585857707028  0.016316879253217 -0.014731021546189
 -0.005508775672555 -0.005140095010176  0.002505894278018  0.051021264667461
 -0.106991519248230  0.028996228411264 -0.130229231843429  0.072638032330566
 -0.074993859822594  0.021839630866512 -0.069525741982793  0.067329936562099
  0.000035332986547  0.007156737257972 -0.007192070244519  0.001038636992807
 -0.005221154083598  0.008312115842854 -0.056297174569656  0.120964106649109
 -0.013990284923852  0.015817902107603 -0.025090044083908  0.056832328855845
 -0.017343099059535 -0.018950459716901 -0.064885500892367 -0.000706365094924
 -0.006145107060889  0.006851472155813  0.003319270139625  0.001113110803868
  0.008984010158570 -0.175085931244556 -0.091668575772098  0.067799496277358
  0.020133091336512 -0.128869957607514 -0.069252651153818 -0.128870910209187
 -0.069249571597134  0.067848777978295  0.020173157970181
   17 Orbital Energy    -0.428101 Occupation  1.000000
  0.012625434514692 -0.027071108401609  0.044932883947425  0.169488867491787
 -0.010013716985982 -0.076816640657588  0.029285828346933  0.115982398582286
 -0.006302485960166  0.001617176525579 -0.002920600540577  0.001303424014998
  0.004830672247586 -0.000018279501541 -0.001598805926600  0.045623078338220
  0.022588674415787  0.045059266158340  0.022226768778758  0.036054016895548
 -0.076685311855149  0.032949414521401 -0.203146123815660 -0.013897015507583
 -0.090292667051105  0.010914434933974 -0.052224212316787 -0.004340987620405
 -0.000955015987749 -0.001621170736421  0.002576186724170  0.000497426488962
  0.001349653943478 -0.000257522612977 -0.010685425164753  0.021560300565167
  0.078133155096915 -0.086465058646003  0.185661568885513 -0.006858763681653
  0.033761057851668 -0.071618504785849  0.063739776067165 -0.001018383201313
  0.002781449605801 -0.001763066404488 -0.003880427645670  0.001467473148049
 -0.012492269568016  0.014713921834120 -0.030414719653597 -0.034487257321470
  0.021371789755532 -0.178477983140756  0.004968064237696 -0.003477376750377
 -0.044191568933843 -0.077017732167089  0.001431192332617 -0.004171275504709
  0.002740083172093 -0.002618631068520  0.001146687506430 -0.013886360427882
 -0.050056612981538  0.106536272887845  0.070865045196896 -0.221030197456072
 -0.025681156988378  0.151812500827318  0.015833820179983 -0.004373601511514
 -0.004789788709282  0.001109950380052 -0.003740084479052  0.002630134099000
  0.003104654642753  0.000667693530257 -0.001133526125378  0.014787536041702
 -0.030549636938563  0.069230532130332  0.012536223608760  0.168121913053521
  0.004511595842150  0.038718104511278 -0.047829986363493  0.063971446570942
  0.001040231435471 -0.005242762048398  0.004202530612927  0.005326679279547
  0.000632372012388  0.012614646305578 -0.010669131216638  0.021522373449836
 -0.037948555916007 -0.076731968352304 -0.202363639510668 -0.006996710893604
 -0.007756380815331 -0.068066197902985 -0.075074794840622 -0.002333831242810
  0.001763697364166  0.000570133878643  0.003716974837266 -0.000666463621027
  0.012704720308044  0.083386387444490  0.080093135369994  0.144663193972855
  0.106786578968944 -0.108925644707800 -0.073793484859949 -0.108824925802464
 -0.073679339120357  0.144899623852175  0.107004482292415
   18 Orbital Energy    -0.421505 Occupation  1.000000
 -0.000012346639286  0.000033484652737 -0.062554372735289  0.004358464920089
 -0.209582352686126  0.000087656127630 -0.029861645527388  0.001965809983096
 -0.100060021948182 -0.004711271974592  0.000676871104810  0.004034400869782
 -0.004832801788954 -0.008424585831392 -0.016866038539311  0.123776036027422
  0.084140366164409 -0.124043868072224 -0.084312677380551 -0.000072078058995
  0.000161949190806  0.074340234694916 -0.005232299979985  0.248832352319621
  0.000169002980936  0.025895956428970 -0.001855802436818  0.086715397603403
 -0.000434424692415 -0.000270679694699  0.000705104387115  0.002046914292474
 -0.000723503674884  0.006764644823980 -0.001762340032041  0.005831576544328
 -0.033853855346042 -0.150158637955322 -0.186326436880009  0.003164808906543
 -0.008686382795440 -0.056372215454827 -0.057377143728412  0.000717787729065
  0.000097593802749 -0.000815381531814  0.000945618720706 -0.001081941588654
  0.002664776204889 -0.016783446286876  0.031186749489610 -0.066967709980889
  0.173479940711100 -0.145170012762753  0.097758390938177 -0.033774123450323
  0.086184076235046 -0.070943476220199 -0.000436190468753 -0.000063682432502
  0.000499872901255 -0.000610645661101  0.000575800376814 -0.001766543379609
  0.000100928448139 -0.000209933018886  0.075165824670889 -0.005215780269341
  0.251610361107712 -0.000364405082443  0.004694720401514 -0.000305693748606
  0.015635089744295  0.000681772316778  0.000551533209465 -0.001233305526244
 -0.004051732617197  0.001110578773484 -0.013417858855788  0.016730909004140
 -0.031072200638598 -0.026103145217299 -0.166301583566535 -0.166181134132817
 -0.097797539907224 -0.011913571155396 -0.082390701165341 -0.081704227472291
  0.000598937081340  0.000232666197556 -0.000831603278897 -0.000476643343003
 -0.000307988221998 -0.001819288366088  0.001789466498048 -0.005883533467932
 -0.071782978446313  0.158702185941105 -0.166871640225967 -0.003067342779904
 -0.023435537638846  0.059197355808801 -0.049971920776929 -0.001091756922225
 -0.000323444975376  0.001415201897602  0.000656279929525  0.000449461298810
  0.002609314777171 -0.000216286165615 -0.000217311995339 -0.050437750245860
 -0.044136064272778 -0.021470557171853 -0.028412560289041  0.021963768242497
  0.028772166284613  0.049825496987792  0.043662318959741
   19 Orbital Energy    -0.412698 Occupation  1.000000
  0.000006223930464 -0.000021700675122  0.025525346175231 -0.001943305830552
  0.085307916918076  0.000011168282637  0.014194154486217 -0.001084542534425
  0.047414229306973  0.002141787691832 -0.000160293657880 -0.001981494033952
  0.001090214085476  0.003801923192860  0.004022032914490 -0.044609003615894
 -0.022446306856219  0.044635512511719  0.022480069061270 -0.000009191002549
  0.000021634378463  0.003525367783028 -0.000267444072366  0.011456766397147
 -0.000001643162901 -0.010593850773591  0.000797382580243 -0.035614315894215
 -0.000671265352005 -0.000425265485963  0.001096530837968  0.003229541500578
 -0.001105245113630  0.010672022474687 -0.021155572205327  0.046624809888829
 -0.070457214950397  0.213305040975649 -0.138923077935316  0.065711241992653
 -0.025314993041615  0.054861265165008 -0.060567492770074  0.000943319140267
  0.006978690781982 -0.007922009922249 -0.000237091360418 -0.003614057058058
  0.001720508085206 -0.014798024025778  0.034115823922496 -0.024276252388107
 -0.210139495270247 -0.186555896118992  0.045588660802642 -0.011491821562696
 -0.066164922187841 -0.072130296295049  0.001642020458896  0.007140524485475
 -0.008782544944370 -0.001472510384357 -0.003454233223348 -0.002307578856004
  0.000010392660316 -0.000020325547898  0.009722735890996 -0.000736808201317
  0.032093683584050 -0.000073789441613 -0.004187835199892  0.000325648318279
 -0.014224403094295  0.000597136827826  0.000312410257008 -0.000909547084834
 -0.002401678796497  0.000991111275325 -0.007919789925621  0.014782677687160
 -0.034082237569126 -0.079167479797183  0.218260508515327 -0.160239718451531
 -0.045564784438795 -0.029021391443275  0.069407358391422 -0.063730047374591
 -0.001250385808241 -0.006902414922454  0.008152800730696 -0.000298794599117
  0.004103820213242 -0.003548668603046  0.021168832468521 -0.046661902874740
 -0.019812528370801 -0.206251792563769 -0.163769963514315 -0.065673831608989
 -0.012647611975395 -0.051877340732001 -0.066802551958252 -0.001120808082422
 -0.007068372163735  0.008189180246157  0.000917062476409  0.003317318248397
  0.000515462820258  0.000015372983307  0.000007493071220 -0.128109506552588
 -0.112323332333426 -0.149898636216942 -0.127136493941743  0.149951455745568
  0.127169903476498  0.128077529603683  0.112316755351404
   20 Orbital Energy    -0.381559 Occupation  1.000000
 -0.023139794471048  0.053493205075209 -0.225130212939210  0.040744732256068
  0.068092287367531  0.074263651332972 -0.160140951657169  0.038784570678357
  0.048700248461577 -0.009925302940735  0.006014938761249  0.003910364179486
  0.010502564260446  0.005539456097336 -0.003125942647665 -0.005507835475381
 -0.003781723460173 -0.005607303929674 -0.003857493896977  0.002122341130116
 -0.005674404392656 -0.117453097381399 -0.099247225109332  0.032975874339997
 -0.009169530215459 -0.070249135134499 -0.041070520328396  0.020058923663351
  0.000460303247219  0.002682700204554 -0.003143003451773 -0.007189505600398
 -0.001568894673974  0.002326880338420  0.004527406248147 -0.010010633021685
 -0.141777836653031  0.012707786638073  0.066082411122863 -0.013067315408660
 -0.078901055853306 -0.002098196552980  0.025624784830980  0.003261684637559
  0.001849179321930 -0.005110863959490 -0.005168743525878  0.003122733526851
  0.001838929134068 -0.005622191563591  0.012883794178905 -0.189331472801329
 -0.057704698510083  0.028008571322652  0.009222583310849 -0.109873917903582
 -0.032073571410051  0.026359759129389  0.004743374885176 -0.000713317194249
 -0.004030057690927  0.000279937799934  0.008145447318574  0.000260699320883
  0.006937367539910 -0.013303034834464 -0.271217996906119 -0.095208971419241
  0.078955668381545  0.007639469815621 -0.147876839448645 -0.035020083899835
  0.043321676813934  0.000488932798678  0.000407682308489 -0.000896615107167
 -0.000495113661717 -0.000532777197226  0.000173968005679 -0.005590429332463
  0.012816610779066 -0.174466773134371 -0.058767058138908  0.077851892440779
  0.008990151353406 -0.106767867213264 -0.032321440753436  0.036789244762562
 -0.004369547012857 -0.000692468952141  0.005062015964998  0.000477375202117
 -0.007878540441539 -0.000550361858151  0.004537645827255 -0.010033861373115
 -0.154717156215577  0.013590768171566  0.022758904130533 -0.013138092116206
 -0.080103884117016 -0.001989546237262  0.021654204412194 -0.001862490005014
  0.001852113527618  0.000010376477396 -0.005025453422513 -0.005873640419138
  0.001477640092244  0.052978253537786  0.048127606717002 -0.004106568787272
 -0.000779580084868 -0.018083551256240 -0.015650245953839 -0.018024473177639
 -0.015556091559665 -0.003879999106664 -0.000550571382509
   21 Orbital Energy    -0.352752 Occupation  1.000000
  0.020175429819258 -0.046088984238486  0.001168905808850  0.138370109275388
  0.002868247509453 -0.116895751000416 -0.002198206341036  0.092592629100267
  0.002830255318312 -0.001042507975076 -0.001137480006675  0.002179987981751
  0.004724757944937  0.001358762414693 -0.001508915011975  0.031946556270486
  0.034897885109679  0.031966143319782  0.034913716615989 -0.002630503309493
  0.013402613639340 -0.082171994970333  0.273207634392513  0.030890971972321
 -0.024511426422186 -0.038288538880638  0.081145996767924  0.013574694246413
  0.004851493761936 -0.022536742066475  0.017685248304539  0.001668534485062
  0.004917182061852 -0.001598994588668 -0.007662732133604  0.012506805585730
 -0.024707388628513 -0.254053214793923 -0.032110180966315  0.041961094346084
 -0.021706963067071 -0.090164352603023 -0.010948810598276  0.001044981629159
 -0.012747794894909  0.011702813265750 -0.000394595463531  0.006853307228381
 -0.004338455326497  0.013527007319098 -0.032752456935433 -0.066341222564178
  0.232720531903716  0.036103321937393 -0.004811508259684 -0.042487669103736
  0.089047053585382 -0.015773448360766 -0.000977112071137 -0.006247961475045
  0.007225073546182  0.002858003772801  0.004193665535288  0.002303225114077
 -0.013952394126541  0.033722063438136 -0.015200901711994 -0.116807241848151
  0.001847645974500 -0.004046449814086 -0.024727247824649  0.032193955786270
  0.008055333853116  0.002465352467601 -0.016125863389251  0.013660510921650
  0.005937185319892  0.004412182892470 -0.002601526572653  0.013527205894068
 -0.032745081039982 -0.072226319147971  0.233227487556769  0.016122108069388
 -0.004861625582601 -0.025716310020399  0.087695101106919  0.040121345505994
 -0.001815622220302 -0.005989162874834  0.007804785095136  0.000945732430739
  0.002668077703543 -0.004225707226576 -0.007657414726328  0.012466340391748
 -0.006171825162328 -0.255494437190918  0.029494107833164  0.042234934386066
 -0.013167945308538 -0.091016211207766  0.017348860465748 -0.001153909753490
 -0.013019714690565  0.014173624444055  0.001748714491491  0.003045960646553
  0.002474090704762 -0.206003003694268 -0.204761464986726  0.081783974840236
  0.077807159067910  0.079691896962606  0.091704134325879  0.079717976656107
  0.091698624472464  0.081775856398242  0.077819033684092
   22 Orbital Energy    -0.335069 Occupation  1.000000
 -0.000013068196682  0.000028198780002  0.014631686761779 -0.001110269573546
  0.049571959237775  0.000048747422060  0.007605384469345 -0.000563522804738
  0.025904080464041  0.000915613894915 -0.000401395595455 -0.000514218299460
  0.002985363958587  0.001697019530491  0.010114586764694 -0.042611811418341
 -0.047898728229566  0.042613803520916  0.047921790214299 -0.000005429475218
  0.000011294822621  0.075599981826331 -0.005758782048623  0.252127904869530
  0.000002697878830  0.030326457043039 -0.002283699944778  0.101047218798081
 -0.000688784738295 -0.000422146414701  0.001110931152997  0.003197225486775
 -0.001134103002272  0.010547577027335 -0.005834711039281  0.017950646893616
 -0.067563751865848 -0.006369565981816 -0.229959639066738 -0.014317523001716
 -0.021388280022745 -0.014994497741530 -0.077718508574968  0.000810036317487
  0.002966109068104 -0.003776145385591  0.005285433322022 -0.004845296816746
  0.018263135169221  0.004061082001544 -0.013926483235895  0.065802244225847
 -0.034748178496670  0.211955711362847  0.013351579458457  0.023123421120551
 -0.024808539637840  0.067203271853331 -0.002802926800534 -0.003681433649531
  0.006484360450064  0.005639792698063  0.000404190710278  0.018311421370600
  0.000004507627152 -0.000015115374737 -0.078199317110381  0.006008867691522
 -0.261397008962673  0.000035013931966 -0.029755409016418  0.002282183664052
 -0.099441242791659 -0.000635571388349 -0.000438311759489  0.001073883147838
  0.003257939329057 -0.001045814835459  0.010818737614519 -0.004058501649163
  0.013921386253227  0.061822386550534  0.024919003039251  0.214538181280743
 -0.013370648871452  0.017920991734440  0.021639935027284  0.069794353580580
  0.000453665582697  0.002180193622040 -0.002633859204737  0.005550373311942
 -0.004284410526936  0.018768882090065  0.005843985628477 -0.017966941712583
 -0.069237272999328  0.017012628456091 -0.228867352297914  0.014233733101674
 -0.024337279900731  0.018561895221465 -0.076025935210118 -0.003150445164494
 -0.004416500231167  0.007566945395661  0.005565404308023  0.000977121236388
  0.017637764479874 -0.000008319269116 -0.000020467958356 -0.150638675931195
 -0.156980007062705  0.140041838875677  0.152707759230959 -0.140012462132568
 -0.152697611037186  0.150630918857193  0.156990996945391
   23 Orbital Energy    -0.309936 Occupation  1.000000
 -0.028062176277562  0.065684183284309 -0.350987044975250  0.054173636177722
  0.105976638073932  0.084850037242608 -0.286202366213148  0.054230218168604
  0.086694009748139 -0.013061314324484  0.007311641356658  0.005749672967826
  0.007271926366099  0.007323390688634 -0.002194798677500 -0.020538635670304
 -0.008736377643486 -0.020656735084858 -0.008868422962614  0.000153328912495
  0.000428752588522  0.247024095532174  0.055357845100789 -0.072729562789152
 -0.010539179488450  0.157914252815706  0.023968786887895 -0.046740652932378
 -0.001174183061467 -0.000479615185457  0.001653798246924  0.008003469714423
  0.001297436328559 -0.002469073691896  0.001451275991203 -0.005090355844544
  0.201037601853753 -0.005711943748791 -0.059231671221666  0.002025652879620
  0.133046517618777  0.007546641023230 -0.044969375468881 -0.003868838742112
 -0.001440684936279  0.005309523678391 -0.002342773609465 -0.006858608801694
 -0.001612964111955 -0.001051984071435  0.001121167884725  0.040795316534645
  0.039422310739150 -0.020631711312472  0.006602620001063  0.021300115794972
  0.015726319680261 -0.018750868470883  0.003494274814669 -0.004955875381798
  0.001461600567129 -0.010348698762292  0.001851169353156  0.004188430253391
  0.006538606970567 -0.012876641079757 -0.139071501835906 -0.085903636523465
  0.039812418894877 -0.000655628544074 -0.086880283807482 -0.004675050749551
  0.025894175062530  0.004840781822501 -0.007511785523009  0.002671003700507
 -0.016142263725130 -0.001261600445821  0.004552877950571 -0.001032941836512
  0.001084989215736  0.045813030219074  0.038842170714395 -0.003729393303813
  0.006467382634943  0.028205574596666  0.015102481666226  0.004508211869255
  0.001169605015799 -0.004861164202438  0.003691559186639 -0.010959883338134
 -0.002250730876362  0.001759586823979  0.001444154182420 -0.005077667753862
  0.200534702968062 -0.005559909036539 -0.060757875303203  0.002036285135192
  0.136041382502850  0.007364796847134 -0.034989490627988  0.004326425094338
 -0.001598554339052 -0.002727870755286 -0.001491167724433  0.007561841220282
  0.002579436024936 -0.017070110533234 -0.019824020256521  0.012183381779499
  0.015751969929057  0.009973467974206  0.017693066961263  0.010109214715946
  0.017840196063740  0.011973002482516  0.015514720322084
   24 Orbital Energy    -0.248922 Occupation  1.000000
 -0.000008199216340  0.000031682159365  0.001214071576832 -0.000128423397036
  0.004184336034436  0.000001692366140  0.004861936622881 -0.000380831328466
  0.016412874514331 -0.000840843570383  0.000008704696888  0.000832138873495
 -0.000068570849245 -0.001493942202151 -0.000392692775616  0.001283189265658
  0.012861253996268 -0.001294831218812 -0.012876955533876  0.000001220689639
 -0.000004703099145 -0.000153691615184 -0.000011488201268 -0.000594017802172
 -0.000028475594121  0.000816569434624 -0.000088094446765  0.002632988684481
 -0.008722576492990  0.000097873017322  0.008624703475667 -0.000296593307131
 -0.015351803372953 -0.002408250332050 -0.000218096877987  0.000952372611445
 -0.275824069585207 -0.038082339783473  0.081669774639903  0.000552662833061
 -0.197636340203110 -0.025767026319943  0.062610772663269  0.001408718718090
 -0.002392236235925  0.000983517517834 -0.009852785411784 -0.002117254688286
  0.002594301879241  0.000063652021016  0.000146299669210 -0.279863838215697
 -0.039661533103990  0.081009879854397  0.007760771980459 -0.209666212631119
 -0.023376149631968  0.054145250868758 -0.002510017731355  0.002428710762849
  0.000081306968506  0.008912385232850  0.000365789015372 -0.002968798381718
  0.000002482851513  0.000001668228126  0.000620953806107 -0.000047406345766
  0.002083906688983 -0.000017092647034 -0.005013232516293  0.000417066580154
 -0.016806006805218 -0.009446086269343  0.000098534208405  0.009347552060938
 -0.000255012290639 -0.016620908843408 -0.002377881751719 -0.000049456772336
 -0.000167413775416  0.278917046795495  0.039626578558698 -0.084182336535285
 -0.007828905712147  0.205268753011659  0.023639172049042 -0.068767704258917
  0.001822126811462 -0.002403826463497  0.000581699652035 -0.009081305909606
 -0.001583343127176  0.002282143669540  0.000234056984260 -0.000990051517420
  0.275899001807500  0.038197134568605 -0.081493681045981 -0.000605055289876
  0.199953309958498  0.025654479013320 -0.055022638873545 -0.002747142453721
  0.002414034305842  0.000333108147879  0.009752378231827 -0.000244131116378
 -0.003135389215122  0.000026982359317  0.000036282691827  0.000154563408595
 -0.000799455837174 -0.000205541593993  0.000855567801830  0.000216534527488
 -0.000835977417552 -0.000162151819568  0.000808712034783
   25 Orbital Energy    -0.205048 Occupation  1.000000
 -0.028613773148411  0.067419123062318 -0.342911133692369  0.020645412886423
  0.102883976662190  0.102706881150504 -0.320338260005129  0.042478361631667
  0.096643943299792 -0.008343124394195  0.003100230825580  0.005242893568615
 -0.007257229337330  0.004928524359789  0.002079440385871 -0.042156884303254
 -0.035406600954591 -0.042128101915654 -0.035398690404522  0.000047253775008
  0.000619782912423 -0.272302597120568 -0.038088821520972  0.080561659794627
 -0.008772030085487 -0.220584445476488 -0.037524872885461  0.065169044728255
  0.000546888177910 -0.000849274088057  0.000302385910147 -0.001853290476565
 -0.000143702310266  0.000524612785012  0.000706536564834 -0.003299921558765
 -0.088061889344919 -0.018703842766549  0.026206237261211 -0.000314459792210
 -0.065694647383304 -0.010052053600598  0.013170629295987  0.000893881273864
  0.003588862494507 -0.004482743768371  0.014311969585642  0.008948795790344
 -0.003060673454198 -0.000895096447332  0.000368287753164  0.206538416574768
  0.033815861385350 -0.062686019861794  0.007344198084422  0.165565974480035
  0.020983330054762 -0.059138102309424 -0.005170068032442  0.000450034740662
  0.004720033291780  0.006679952065691 -0.006075354554914 -0.002567302667781
  0.004792137358266 -0.014913391711925  0.217637815136627  0.002698731876873
 -0.065037826464593  0.023349753200450  0.146149065299962  0.054728266178979
 -0.042442345142246  0.005465304919266 -0.005970095952020  0.000504791032754
 -0.022547097086349 -0.002505013159019  0.006583603834446 -0.000867332398122
  0.000316977565396  0.207519199164095  0.033683151473710 -0.059515512885336
  0.007200425300551  0.171148989796640  0.020571362436928 -0.040553144976197
  0.002791839905235  0.000411902048180 -0.003203741953416  0.006629025055205
  0.007924159422362 -0.001441598558051  0.000688170158011 -0.003261493034262
 -0.088243294278639 -0.018669753081762  0.025616032691300 -0.000123366023820
 -0.062310646678065 -0.010318629818466  0.024615835076490 -0.007535369148359
  0.003672376149560  0.003862992998799  0.014070938210081 -0.005878768550491
 -0.005238485013244 -0.001561566568193 -0.003882437932863  0.001794582845325
  0.005874802676704  0.001887742087186  0.010931868675425  0.001878184766169
  0.010906985558340  0.001799332281055  0.005864772320133
   26 Orbital Energy     0.002373 Occupation  0.000000
 -0.000017289684163  0.000056029343055  0.005501656165448 -0.000432330064318
  0.018856800857648  0.000043942075171  0.024364368096314 -0.001860208879494
  0.082180204595286 -0.002210921472701  0.000045839162767  0.002165082309934
 -0.000327811517291 -0.003918224985363 -0.001446962173174  0.008829690163612
  0.083320668523455 -0.008889503511855 -0.083434075045426  0.000006514309091
 -0.000008543757582  0.000459774404019  0.000008946086799  0.000419694103013
  0.000020109491380  0.003906268509477 -0.000195818201624  0.011680939418786
  0.014210695747852 -0.000170277427923 -0.014040418319929  0.000590349684087
  0.025011651273958  0.004312213229038 -0.000215191643647  0.000486986637045
  0.299676004249349  0.043180015744493 -0.088716565775570  0.006691953204924
  0.407401896929651  0.068101792991702 -0.106618739081281  0.004091114978768
 -0.004102289225706  0.000011174246939 -0.016287625229025 -0.000866242962623
  0.005024016161732  0.000397069043101 -0.001804190072184 -0.290934519766098
 -0.041812762301422  0.088090359646443  0.029640460003843 -0.411483768932679
 -0.030068034758516  0.100746432849480  0.003054387384570 -0.003927896696525
  0.000873509311955 -0.017994846853247 -0.001750090676861  0.004483937059609
 -0.000009411739154  0.000026813220663  0.001269491243783 -0.000080885567408
  0.003301632775540  0.000071687817556 -0.019140277436700  0.001585158393164
 -0.065088959461115 -0.015211663669997  0.000114099498714  0.015097564171283
 -0.000114144362931 -0.026759178141953 -0.002853411641642 -0.000364621634864
  0.001750393349013  0.291914600575231  0.041655737987202 -0.084188397430655
 -0.029832052120550  0.399448787502845  0.030807191559861 -0.140177134872506
 -0.003393552795098  0.003985858921217 -0.000592306126119  0.017609696459839
  0.001159188850742 -0.005933878684416  0.000189400937838 -0.000420546826227
 -0.300046067807851 -0.043279579899603  0.088540749319651 -0.006647445784265
 -0.400398690027713 -0.068826008453530  0.131608059304876 -0.003171381556454
  0.004080498028811 -0.000909116472357  0.016366261694505  0.002481824920762
 -0.004516620744068  0.000001796780277 -0.000011568744224 -0.000892970323167
 -0.004897219472287  0.000867301024583  0.000901174485935 -0.000800437936591
 -0.000714537119607  0.000870537344625  0.004781843970290
   27 Orbital Energy     0.017148 Occupation  0.000000
  0.021399664671476 -0.044246692208905  0.149845514812355 -0.031033087017826
 -0.045466538629341 -0.158746502736034  0.201571374980409 -0.073877825355253
 -0.061837533495662 -0.000904961973405  0.003241172275072 -0.002336210301667
  0.017904592806381 -0.000059862571982 -0.005215363302521  0.043764009266150
  0.123836203217510  0.043701869034889  0.123584294431207  0.000624766121489
 -0.001112726452696 -0.331204674241750 -0.048165961708036  0.097918324887758
  0.000089505281371 -0.467538561116526 -0.065540134055866  0.138469587344162
 -0.002464210801193  0.003018745316469 -0.000554534515276  0.010519678897826
  0.001044552256785 -0.003058315374389 -0.000431331737338  0.002112669479870
  0.184426295899940  0.029426231594444 -0.054662395307757  0.011837883073216
  0.251599807309306  0.039636665440209 -0.068615000433759  0.005001812303195
  0.004083998089161 -0.009085810392356  0.017288080327712  0.016738308219732
 -0.002763856967508  0.000935335388632 -0.000790171342051  0.131895250558490
  0.016149364267442 -0.043388672898763 -0.015191065756749  0.189994378215560
  0.041086796473888 -0.057142329785339  0.013400008982140 -0.003784607046010
 -0.009615401936130 -0.018952535968287  0.014436446712121  0.008126591088187
  0.000497148839896  0.007913349004442 -0.382272641821068 -0.045735599721139
  0.113260873432281 -0.070118517276631 -0.453549780195167 -0.117413884774887
  0.132856099440852 -0.000112501467316 -0.000694075931394  0.000806577398709
 -0.000303761606125  0.000308731674145  0.000052327610443  0.000939479155432
 -0.000784518145009  0.134744933138421  0.016021324644338 -0.035517466934224
 -0.015299870069593  0.191397728533914  0.040979524679700 -0.054918901406878
 -0.005452743812411 -0.003592805946676  0.009045549759087 -0.019470335532362
 -0.018728518278694  0.003210641767990 -0.000430109425812  0.002109772448942
  0.184109030789286  0.029368646748254 -0.054089499291674  0.011917125456832
  0.247892783808476  0.039682659032624 -0.078717915836381 -0.012190749052550
  0.004257654966771  0.007933094085778  0.016823159019995 -0.013504142324901
 -0.007207191696510  0.001030552805354  0.004389565617223 -0.000000171295113
 -0.003382474053762 -0.002576180194601  0.002293099336081 -0.002536486826599
  0.002462248360091  0.000028791384590 -0.003278414639323
   28 Orbital Energy     0.099194 Occupation  0.000000
 -0.073372841812825  0.122392546358474  0.091069788403000  0.180496760054098
 -0.022651807193657  1.050099583331833  0.231805264375634  0.394039730317996
 -0.059424851228017 -0.001147118958301  0.005721781026282 -0.004574662067981
  0.005409794127041 -0.001146857664096 -0.001356615074593 -0.066016274945256
 -0.828666384780676 -0.066254758850271 -0.830141896912954 -0.031670162432984
  0.047993087419766 -0.044074263682472 -0.078407331463875  0.011379689853704
  0.368450396869271 -0.074460513107629 -0.144241021617501  0.019271127574466
  0.001670534935055 -0.013526684928216  0.011856149993161  0.004563595431928
  0.003990255594209 -0.002064921841362 -0.010261985384977  0.019509710791153
  0.072977196465715 -0.073764681647099  0.040383545473668  0.141408097008397
  0.127207022126335 -0.145246059157820  0.084427065453312  0.001832755644765
  0.005318325352467 -0.007151080997232  0.003343576306371 -0.001194197884606
  0.010708881600577 -0.043529638857084  0.079355592756946  0.000982379433645
  0.062314215896506  0.093060941635784  0.484574318873620  0.057162550410439
  0.058600155271144  0.327709913986677  0.002245998364354 -0.003745088581896
  0.001499090217542 -0.004392321893009  0.001093663789427 -0.006384455831871
 -0.005066941137532  0.020215683773407  0.007260040880255 -0.027839896358506
 -0.002759875483804  0.251504160349229 -0.027182115007707 -0.116549252676506
  0.005406197119828 -0.001630083475705 -0.006599899059540  0.008229982535245
  0.005022035974599  0.003873445289277 -0.001894935513347 -0.043563463739966
  0.079425260763029 -0.049379397456590  0.066252342873347 -0.075422664445156
  0.484736639810405 -0.131072099753409  0.073151532246357 -0.302414259189914
  0.001154361540362 -0.004308534527518  0.003154172987156 -0.000210515299606
 -0.000747016765237  0.007400522304963 -0.010237133579944  0.019432998900197
  0.037973805667735 -0.071057090593629 -0.076859230123387  0.141493149071937
  0.058337622963426 -0.140137227933889 -0.146140361117259  0.000005492654339
  0.006160945983789 -0.006166438638128 -0.002813071076166 -0.004542317285877
 -0.010156011865517 -0.055380905202063 -0.474422916064252 -0.037143156879070
 -0.393297784578832 -0.019718379908228 -0.638361857462555 -0.019722203002515
 -0.638138099042057 -0.037093832766112 -0.392966134804606
   29 Orbital Energy     0.110110 Occupation  0.000000
 -0.083125654912670  0.157998910620578  0.096441724950341  0.024859119551609
 -0.027801362657643  1.050918955688637  0.206725313319018  0.094446878173551
 -0.058830881764986  0.003108561957788 -0.006367826026095  0.003259264068307
  0.001682534267322  0.000109196869670 -0.000777635352213 -0.058755420875612
 -0.660902970869193 -0.058974323561213 -0.662678197705362  0.026419703399410
 -0.045715408288201 -0.056277801586049  0.118251840539699  0.019594025037153
 -0.456140916038407 -0.107554205834240  0.276301788971377  0.038170545132369
 -0.003599856937891  0.014843801351419 -0.011243944413529 -0.000430415490722
 -0.002912528482519  0.000836564787108  0.046718946238756 -0.080542848477366
  0.000291119099186  0.036394639320148 -0.113933640784690 -0.681063133554217
 -0.035678354216108  0.075292609114568 -0.308247604925506 -0.000173051062399
 -0.006225698671417  0.006398749733816 -0.002941884031153  0.007487298474893
 -0.013154583908650  0.016831729791764 -0.024602328705617 -0.029651363685902
 -0.019132445085585 -0.051360435581262 -0.248749204006541 -0.007135119121629
 -0.222839965586150 -0.018943320252260 -0.003295843066624 -0.013276065281283
  0.016571908347907  0.003327061422933  0.004335133138604  0.014742335517320
  0.021961600004507 -0.043034352185942  0.027468256939818 -0.104719363441476
 -0.010565202312055  0.007856151465295  0.016624853849039 -0.204444082435817
 -0.009429315426731 -0.009919231563612  0.025111744398890 -0.015192512835277
 -0.001668954436821 -0.002056933275514  0.001619827355322  0.016809393496597
 -0.024559673702090  0.003111264903350 -0.021705401391995  0.058585802944652
 -0.248613534832947  0.001666463827947 -0.223540366538762  0.010973746271730
 -0.000876712975574 -0.012056773890184  0.012933486865758 -0.005850222813868
  0.008375531154170 -0.015559245879556  0.046754241387160 -0.080557899496166
  0.063203394295437  0.031521375020519  0.096648579189702 -0.682033814908438
  0.140119873162856  0.061904824623180  0.280196816159127 -0.004034209790403
 -0.007232737615756  0.011266947406159  0.004695567814653  0.000857267717627
  0.011759513545501  0.048198412332055  0.647625753897696  0.062928654966565
  0.763662609873432  0.077553867910606  0.424942902305518  0.077570983610853
  0.425639011867652  0.062998412660717  0.764344812051672
   30 Orbital Energy     0.137327 Occupation  0.000000
  0.000107359033231 -0.000174095883025  0.076576174343445 -0.006013855957693
  0.256798339698918 -0.001830836911999  0.177018842801255 -0.014001297631067
  0.593973367836246  0.003016845686122  0.000484714099691 -0.003501559785813
 -0.003734052607391  0.005211602853289 -0.012003033198935  0.066278085099440
  0.858279578134527 -0.066211065061528 -0.856066578362173 -0.000013489853331
  0.000029033691174  0.014459193195529 -0.001173485131685  0.047644267625795
  0.000341558027344 -0.009806373650696  0.000548800205098 -0.034192470636490
 -0.000447907454263  0.000336591377608  0.000111316076655 -0.002553489351902
 -0.000855680259484 -0.008563596964227 -0.019369031496140  0.021309147559766
  0.025232478616751 -0.051292405642507  0.115864699480524  0.450366159002627
  0.060893423182414 -0.143905042247898  0.204168641609131 -0.002167743938610
  0.000384041958226  0.001783701980384  0.005928278251682 -0.000654012670596
  0.012512157395151 -0.014077894987485  0.010796075589856  0.081753706892212
  0.047775654819303  0.188146450655926  0.421588664447177  0.130089300827809
  0.207726887988851  0.468448523734396 -0.001888041584849  0.002058858257968
 -0.000170816673120 -0.005062376427287  0.002452001398774 -0.010075980078727
 -0.000032738289868  0.000036571367986  0.017538041221582 -0.001299752393100
  0.059044482551144  0.000123421846412  0.004539897320209 -0.000035654231577
  0.015353008643666 -0.002009226775751 -0.001018780865046  0.003028007640797
  0.007595189396185 -0.003385540337101  0.025063903988097  0.014136605736371
 -0.010907188999756  0.034461523750407 -0.056882925627275  0.199885920421027
 -0.422236517089224  0.145979527674423 -0.229189944254918  0.454126440577762
  0.003283703391607 -0.001186181822272 -0.002097521569335 -0.001346051266068
 -0.000157812965341 -0.011185812291485  0.019301931159615 -0.021201735873354
  0.042730646624589  0.045974783255060  0.112749653763430 -0.449443356382725
  0.062185986580102  0.134280625293357  0.209774595146529  0.000510975182616
 -0.001432750231884  0.000921775049268  0.001980234792906 -0.002085425941100
  0.013665838959861 -0.000007833651910 -0.000506614950757 -0.045692825581874
 -0.608727345648583 -0.032298366945542 -0.848903657228248  0.032237081666756
  0.849576376485309  0.045618437268278  0.607819170954011
   31 Orbital Energy     0.170396 Occupation  0.000000
 -0.015017532520982  0.037129108964767 -0.030487902767547 -0.044517967892606
  0.008157873214696  0.103386656180923 -0.100190508394428 -0.087809830867413
  0.028063924761805  0.005544544155353 -0.008972056389696  0.003427512234343
 -0.012793099476773 -0.001145163126988  0.003503071643666 -0.018755009212853
 -0.012280127935784 -0.018784000206073 -0.012719583645277 -0.043452567372361
  0.050470903361767 -0.136011498023316 -0.213810695841521  0.035698030529011
  1.019466121883731 -0.245532323106994 -0.524275303623153  0.062108588768513
 -0.002839992799521 -0.001917284264843  0.004757277064364  0.009868708920234
  0.003153414714460 -0.003141469599925 -0.004573948930228  0.001355444184885
  0.181147904140561 -0.011825426665272  0.011446592275134  0.068138740141531
  0.375921987769254  0.113704333644056  0.172654951994458  0.004067991637557
  0.004230524426673 -0.008298516064231 -0.004977388483325  0.004915143039331
  0.004631815453225  0.043313086764897 -0.059581369792917 -0.172594658813055
 -0.130712070331743 -0.042149303011212 -0.723520659086111 -0.383590534685798
 -0.332486867548251 -0.271058119194272 -0.004040377234447 -0.012635590040214
  0.016675967274661 -0.004384427265666 -0.005140682455456 -0.004222928961239
 -0.019604867778967  0.037262066851778  0.221903312723007 -0.092377390612086
 -0.068405223840939  0.123432462184976  0.339261466523381 -0.015783570665685
 -0.101711326638531 -0.001617894872954  0.019077294673142 -0.017459399800188
  0.004086248312850 -0.005899036905970 -0.000199398576492  0.043267981344946
 -0.059488928726891 -0.122949070733604 -0.134537906899981  0.124255650059918
 -0.722830491613644 -0.176628991917120 -0.348351329640860  0.422213362224086
  0.006257349954103 -0.013000770744573  0.006743420790470 -0.002183094328079
  0.013011157467388  0.004811159078072 -0.004570599164671  0.001260321643324
  0.145025817044351 -0.009028055317484 -0.109425331145185  0.069219238284731
  0.221339123421195  0.125264633895595 -0.344938068047859 -0.003716724339443
  0.004452750345046 -0.000736026005603 -0.006230896443749 -0.008791813026169
 -0.000790621730261 -0.035684159410212 -1.062327069629402 -0.019362013382938
 -0.309339111933564  0.044156211674667  0.889717475348100  0.044085467788740
  0.888993034179368 -0.019322671131950 -0.309243821909604
   32 Orbital Energy     0.172296 Occupation  0.000000
  0.029376049081157 -0.061477988738107 -0.094061425307018  0.044179026693004
  0.028481566720363 -0.422877782621456 -0.217316232021831  0.106191078575895
  0.066076743022777  0.000602412156747  0.000407359898070 -0.001009772054816
 -0.016055266612721 -0.001035909643135  0.004871741257788 -0.006826236051423
  0.166159725518378 -0.006485646854056  0.169834558089521  0.040801419924850
 -0.047919342069621 -0.223921324016964  0.122042863677954  0.069715276059395
 -0.851568435830387 -0.443808520889629  0.333613977943494  0.139262214099631
 -0.002044927926498  0.006761720893626 -0.004716792967127  0.011804093533362
 -0.000668545345753 -0.003250638998093 -0.007849235343472  0.015937067769976
  0.189616966396221  0.067122077170561 -0.095051270443116  0.088508303132064
  0.361075613484870  0.012309245980959 -0.266461462445685  0.007769476286200
 -0.006518780601725 -0.001250695684475 -0.005856869209328  0.009718932268035
  0.001896442970599 -0.022662598510766  0.023071482249052 -0.203984675103037
  0.044127500012262  0.123899866152969  0.472036061986188 -0.398102232317618
  0.168216999458524  0.281367253414694 -0.005458747606430  0.010852844238244
 -0.005394096631814 -0.007108606254126 -0.017255152747997  0.001400924159986
  0.005593834195489 -0.028032887543434  0.250155706841265  0.164859378757427
 -0.070978211720385 -0.025980087996127  0.392031555409090  0.337045109114533
 -0.110219770574599  0.001786771812363 -0.014846810735027  0.013060038922665
  0.010696163404806  0.004576948378657 -0.003986940632365 -0.022570541243013
  0.023007080519941 -0.237564586287554  0.046407024075450  0.010585737493749
  0.469094090656886 -0.484559869183851  0.173666842259643 -0.009545839005236
  0.008126264322202  0.010742774118442 -0.018869038440644 -0.006974699173357
  0.006646227465598  0.004059600090277 -0.007624029506658  0.015678841984841
  0.211615969132481  0.065864173976660 -0.020716295659850  0.083123359968577
  0.448386003750486  0.007685550125972  0.027491238121628 -0.002797490922230
 -0.006482587331132  0.009280078253362 -0.005595150295237 -0.008877764618068
  0.000989335884017  0.035173849208328  0.892971820626629  0.008412519136382
  0.129373056359965 -0.039694830084214 -0.554358810626485 -0.039583135437248
 -0.551880715826825  0.008601569342821  0.135410191740699
   33 Orbital Energy     0.178407 Occupation  0.000000
  0.000127324186638 -0.000227234090755  0.081279493006319 -0.006181827391976
  0.273081283392119 -0.002178249224376  0.179384185531386 -0.013736077054313
  0.603295404270940  0.001198474019338  0.000278555064950 -0.001477029084288
 -0.002084854072153  0.002050867233868 -0.006645486892982  0.069717396298841
  0.923493449790080 -0.069779285006382 -0.921511134262715  0.000163639815978
 -0.000214675237472  0.009377073675483 -0.000369655140992  0.033172875789586
 -0.002752443618873  0.090967043571123 -0.005749831137531  0.308331836293473
 -0.001404592200638 -0.000209216404255  0.001613808604892  0.001766016593724
 -0.002412676126297  0.005563626585770  0.044354371723916 -0.051728686824380
 -0.077097458760082  0.092254255305661 -0.167097204346439 -1.020769706796655
 -0.202267969413722  0.348263805551008 -0.462202175917244 -0.000101122248953
  0.002459617893334 -0.002358495644381  0.001671168092643 -0.000487663196293
 -0.002916156892790  0.014355980621145 -0.005240214386743  0.029792557784148
 -0.069123081756230 -0.054731943751773 -0.449979133699433  0.082319748903175
 -0.298257078949288  0.075996232165106 -0.000792132784377 -0.002504592077001
  0.003296724861378  0.000753542655779  0.000209511392955  0.007698793012123
 -0.000009267454759 -0.000049609092043  0.003799282643015  0.000205841753767
  0.010804436871365 -0.000105669698080  0.090245701874467 -0.005790445903932
  0.298566046642941 -0.001058505255371 -0.000253788181412  0.001312293436783
  0.001602680509329 -0.001847166463812  0.005098253737955 -0.014407979241756
  0.005222170124498 -0.055105446989935  0.071255710397972 -0.026346267051859
  0.452010739875352 -0.025328095881988  0.294560803928036  0.121794700467785
 -0.000153714360154  0.001977341404747 -0.001823627044593  0.003681867928385
 -0.001816785370947  0.007101630928254 -0.044504150085357  0.051996376597369
 -0.027439446283795 -0.083820015003176 -0.185926795090400  1.022390885189644
 -0.086900029628400 -0.326061977997105 -0.512365586173906  0.000322768127844
 -0.002308785394826  0.001986017266982 -0.003097062746653  0.000813143381856
 -0.001730745436771  0.000141760096418  0.003131479224111  0.024210129841651
  1.140953764553944  0.028542952013308  0.338359031647752 -0.028727174321397
 -0.340387148373996 -0.024232118831240 -1.141903895575142
   34 Orbital Energy     0.203060 Occupation  0.000000
  0.000160872326730 -0.000234022114237  0.025034691811810 -0.001937600272377
  0.084607856327566 -0.002784091079256  0.080331333932551 -0.005722548981156
  0.270765629264386 -0.001311730300188  0.001013661313510  0.000298068986677
 -0.007319863385892 -0.002507889091463 -0.024703288631857  0.094206167929816
  0.451521700578529 -0.094138927346252 -0.449111019190638 -0.000379600329883
  0.000620922014898 -0.023203905801626  0.001561042150536 -0.077549731855492
  0.004807310235488 -0.106677229775605  0.005772259824952 -0.358256613890859
 -0.001580056167363 -0.000633873919654  0.002213930087018  0.005046456762630
 -0.002726618852017  0.016614775977792 -0.068892109824701  0.107871375009234
  0.009508318699098  0.003116626286010  0.057888128873035  1.201498567679811
  0.102018666966463  0.077597529480890  0.407675978093837  0.002637932145909
 -0.010351932508199  0.007714000362290  0.001526561165753  0.002901390953591
 -0.007292534503655  0.082998521233399 -0.128159255702574 -0.013540672391295
 -0.021256183559945 -0.127947634270293 -1.388432448032762 -0.152924501534774
  0.009449669708756 -0.547414189622882 -0.004060197314428  0.010288601448702
 -0.006228404134274 -0.004649555605185 -0.000032242814096 -0.004252170461918
 -0.000090312560137  0.000015537957579  0.037004205132397 -0.002468819856788
  0.123848287621875  0.003380931528519  0.070330023679611 -0.005050499253216
  0.235514923214970 -0.001688048440490 -0.000756800647071  0.002444849087561
  0.005481327623216 -0.002860819645667  0.018061119732501 -0.083179852900893
  0.128443913621453 -0.058778083459038  0.026813512444347 -0.113950600009092
  1.388800757610470 -0.173364051024882  0.015982643601302 -0.544938266611498
  0.004750481998093 -0.009848748073114  0.005098266075022  0.001313763116345
  0.001087108717067 -0.006834243157460  0.069463020526729 -0.108798126964420
  0.023786888379891 -0.004803783098507  0.053986215288285 -1.208620587477784
  0.137679985348530 -0.092112595109802  0.396855309447881 -0.001987092914360
  0.010797968624842 -0.008810875710482 -0.005057058347446 -0.001779518614490
 -0.004401370002423 -0.000209635416359 -0.004681091017858 -0.013817327061552
 -0.810179375194331  0.036234019382607  1.196098533619941 -0.036735764411003
 -1.200546080599877  0.014114641639865  0.819304918458833
   35 Orbital Energy     0.206604 Occupation  0.000000
 -0.027139076302437  0.041213267924009  0.037001071067507  0.007169369278697
 -0.010692415403446  0.428630627286838  0.079404426583654 -0.101600967233547
 -0.025463600714820 -0.000937501527984 -0.003228587931425  0.004166089459409
  0.000262420068997  0.001925779642578 -0.000389042965445 -0.011214206101016
 -0.190885557624342 -0.011854252932792 -0.192957152487099  0.103611361421157
 -0.169690136445482  0.000013482653696  0.087902123231445  0.001758996635250
 -1.389810336307588 -0.066131857549831  0.694933708895190  0.033325831277646
 -0.003817633359186 -0.009685469315584  0.013503102674770 -0.000314525200451
  0.006548901368269 -0.000518153795732 -0.076168376227855  0.122103480154814
  0.021695730206668 -0.118064143425233  0.061753467383918  0.954308905050013
  0.180000961410790 -0.592732159877814  0.411981148682975  0.003281271203523
  0.002953259431879 -0.006234530635402 -0.002877306632087 -0.002118056009410
 -0.013065258279348  0.025558713811552 -0.048097224552029 -0.003067721076032
  0.007119842564112 -0.070550752315520 -0.025518351504218 -0.104628563309340
 -0.012954669767208 -0.464890304253400 -0.003686705059861  0.002147662572692
  0.001539042487170  0.000315798069385  0.002377447406039  0.005125821677776
  0.014108754472057  0.002822104271232 -0.008019913904343 -0.077449881804343
  0.001120136645715 -0.744903651237114 -0.030490530798992  0.005745788628421
  0.010413636595625  0.000335507345796  0.004453795605666 -0.004789302951462
  0.000080226250163 -0.001954063333247  0.000309387052567  0.024930551030368
 -0.047131588588081  0.035791541109488  0.004198064705134  0.060078723537641
 -0.015001360369457  0.166005818266313 -0.034158513114262  0.441203095188089
 -0.004025145717327  0.002459056195560  0.001566089521767 -0.002532639286637
  0.001673900566999 -0.004505725062069 -0.075587795923861  0.121273864262448
 -0.016927614439452 -0.114989191487532 -0.067893188269160  0.942930966539889
 -0.081887581008562 -0.572131581639978 -0.465050226837992  0.002199773844689
  0.001985115901340 -0.004184889746029  0.004910533651402 -0.003857332560354
  0.012885075963447  0.041751059413381  1.352340498581985 -0.044836444730385
 -1.204446174915633  0.056265925234590  0.574179064270724  0.056046662355295
  0.565461260155767 -0.044708238271059 -1.196971785005561
&
&hess
   1
   1  1.887473E-01
   2  9.791317E-02  6.616088E-01
   3  1.749950E-01 -3.216594E-02  7.154386E-01
   4 -1.340246E-02 -4.412849E-02  3.873346E-02  1.935647E-02
   5 -1.867883E-02 -1.510770E-01  1.528950E-01  1.755383E-02  1.622881E-01
   6  2.801509E-03  1.603598E-01 -3.547752E-01 -1.259947E-02 -1.678667E-01
   7 -1.376036E-01 -1.166195E-01 -1.888652E-01 -7.597862E-04  2.208141E-03
   8 -9.290820E-02 -1.387471E-01 -1.109411E-01  1.280987E-02  1.146816E-02
   9 -1.518815E-01 -1.037241E-01 -2.420950E-01 -1.905832E-02 -1.817986E-02
  10 -7.879752E-04  4.409497E-04  2.309478E-03 -1.100133E-05 -3.067218E-04
  11  3.519916E-03 -6.933750E-03 -1.373807E-03 -9.910204E-04  4.349055E-04
  12  2.382019E-03 -4.528176E-04  6.175603E-03 -6.907037E-04 -5.267285E-04
  13  4.637488E-03 -7.753191E-04 -4.483433E-03  9.728579E-04  1.189805E-03
  14 -4.030131E-03  5.811003E-03 -4.537317E-03  1.860354E-03  3.033073E-04
  15 -2.583437E-03 -2.032364E-04 -8.440603E-03 -8.038752E-04  1.722862E-03
  16  2.628980E-03  1.010616E-02 -6.772176E-03  2.407382E-03 -6.287156E-04
  17  2.045230E-02 -3.699156E-02  4.006417E-02  3.023928E-04 -5.686590E-03
  18 -6.148398E-03  8.212171E-03  7.229445E-03  1.630804E-03 -3.168368E-03
  19 -5.260653E-02  5.093166E-02 -1.948945E-02 -6.844410E-03 -1.837419E-03
  20  9.471716E-04 -3.075195E-01 -4.572236E-03  1.483791E-02 -1.883917E-02
  21 -2.052595E-02 -1.952757E-02 -1.159335E-01 -7.481954E-03  3.589865E-02
  22  9.917804E-03  3.240348E-03  4.606513E-03 -3.605157E-04  9.955654E-04
  23 -5.606314E-03 -3.450882E-02 -4.627775E-02 -2.060261E-03  2.301100E-03
  24  3.952471E-03 -1.395153E-02 -2.565768E-03 -4.571573E-04  1.634161E-03
  25  3.930301E-03 -3.929333E-04 -3.595589E-03 -8.008379E-04  7.228001E-04
  26 -6.594977E-04  5.529900E-03  6.638500E-03  6.840382E-05 -6.114304E-04
  27 -5.571089E-03  1.242060E-03 -7.447578E-03  4.347921E-04 -1.182754E-04
  28 -5.325201E-04  9.072236E-05  2.849064E-04 -3.431447E-05 -1.285343E-04
  29 -1.250759E-04 -1.751813E-06  2.251690E-05  2.783868E-05  3.585963E-05
  30  2.784916E-04 -3.698838E-05  3.260184E-04 -8.845814E-06 -8.500998E-05
  31  6.089744E-05  2.672091E-04 -2.365518E-04 -1.465472E-04  6.823811E-05
  32  2.694311E-04 -3.514566E-04  1.627270E-03  1.643519E-04 -4.904579E-04
  33 -1.699069E-04  1.747048E-04  1.754123E-04  9.576682E-05 -1.047731E-04
  34 -2.583363E-03 -4.827926E-04  1.957863E-03 -3.818554E-04 -1.759416E-04
  35 -1.074294E-04  2.066837E-03  9.051226E-04 -1.246090E-04  7.066494E-05
  36  9.538903E-04 -5.485633E-04  1.030792E-03  2.866653E-04  1.487189E-04
  37 -2.839051E-03 -6.427643E-05  5.456741E-04  4.165446E-04 -1.082206E-03
  38 -5.951575E-04  2.073075E-03 -6.707174E-04 -2.749792E-04 -6.080878E-04
  39  1.578787E-03  7.289662E-04  1.276095E-03 -6.571766E-04 -1.596515E-03
  40  2.757449E-04  1.174651E-04  1.489288E-04  9.256865E-06 -1.656118E-05
  41 -6.786859E-04 -2.672592E-04 -1.524630E-03 -2.402765E-05  9.787117E-05
  42  6.940903E-05 -3.041251E-04 -1.242064E-04 -5.210212E-05  2.913446E-05
   6
   6  3.649399E-01
   7  7.464820E-03  1.372267E-01
   8  1.520250E-02  9.955327E-02  1.486650E-01
   9 -1.904086E-02  1.690664E-01  1.240420E-01  2.598857E-01
  10  1.008794E-04  3.581309E-04  3.591592E-05 -8.917555E-05  1.803632E-01
  11 -3.633496E-04 -6.428555E-04  3.797349E-04  8.632317E-04 -8.062983E-02
  12  3.529697E-04  6.561967E-04  6.195391E-04  4.003834E-05  1.465495E-01
  13 -4.475096E-04 -3.891638E-04  6.203341E-04  1.054642E-03 -7.589145E-02
  14 -2.538154E-04 -2.927221E-04 -5.799838E-04 -5.632117E-04 -2.559213E-03
  15  1.366357E-04 -3.249412E-04 -2.915432E-04 -6.668029E-04 -4.743562E-02
  16  5.427272E-04  1.087666E-04 -5.594407E-05  2.995604E-04  1.369781E-02
  17 -1.564156E-03 -2.484009E-05  2.221018E-03  3.788933E-03 -1.663578E-02
  18  8.473440E-04  1.459730E-03 -1.901242E-03  1.274607E-03  8.254651E-03
  19  1.326907E-03 -1.652880E-04 -2.153576E-02  1.939293E-03 -1.207440E-02
  20 -2.468006E-03  1.299505E-02 -1.720565E-02 -6.804995E-03 -8.944204E-04
  21  6.343062E-03  1.181086E-02 -2.984959E-02 -1.962719E-03 -1.854667E-02
  22  7.551280E-04  9.814174E-04  1.137391E-03 -5.662325E-04  7.103287E-03
  23 -3.130500E-03  1.061560E-03 -5.880134E-03  8.177549E-04  2.539421E-02
  24  1.663178E-03 -1.597620E-03  2.653791E-03  2.461820E-03  4.276397E-03
  25 -9.356136E-04  1.318955E-03  5.117766E-05 -3.269838E-04 -8.990744E-02
  26  6.163657E-04  1.675978E-03  4.045831E-04 -7.870271E-04  3.544421E-02
  27 -2.216793E-04  9.112250E-05 -2.071380E-03 -3.077682E-04 -7.591023E-02
  28  1.888561E-04 -1.304343E-04 -5.155500E-05 -1.592996E-04 -3.935124E-02
  29  7.562039E-05 -1.901967E-05  3.411387E-05 -7.358169E-05  3.840481E-02
  30 -7.821483E-05  4.435058E-05  1.416828E-04  1.970413E-05 -5.154825E-03
  31  6.856519E-05  2.132385E-06 -2.421123E-05 -6.168043E-05  1.806342E-03
  32 -4.743352E-05 -4.681387E-06  9.679308E-05  4.504158E-05 -5.129260E-03
  33  1.273641E-05  2.793123E-05 -9.456751E-06 -2.375118E-05 -8.143551E-03
  34  3.511437E-04  2.682893E-04  9.919828E-06 -8.643979E-04  6.488732E-03
  35 -1.106268E-04 -4.349711E-04 -6.792472E-04 -1.291915E-04  2.096856E-03
  36  1.912835E-04  1.244013E-05  1.923127E-03 -4.789178E-04 -1.315329E-03
  37  2.386143E-04 -5.076577E-04 -2.201584E-04  1.036996E-04  6.676306E-03
  38  3.408103E-04 -3.751180E-05  6.890042E-05  1.489573E-04  1.073073E-03
  39 -6.975791E-04  1.611866E-04 -3.822152E-05  3.192061E-04 -1.328479E-03
  40  3.981531E-05 -1.706295E-04  1.091036E-04  6.077078E-05  1.886394E-03
  41 -3.005455E-05  1.541323E-04 -4.934356E-04 -7.181609E-05  3.287926E-03
  42 -3.184758E-05  3.150575E-05  2.667488E-05  3.935194E-05 -3.731693E-03
  11
  11  7.420478E-01
  12  2.566548E-02  6.335118E-01
  13 -2.073191E-02 -5.583808E-02  1.958726E-01
  14 -1.774293E-01 -6.463985E-02 -7.904087E-02  6.952984E-01
  15 -1.253324E-01 -2.833451E-01  1.606935E-01  1.805982E-04  6.817738E-01
  16 -3.412982E-03  1.363642E-02 -6.774496E-02  2.895902E-02 -2.009724E-02
  17 -2.651574E-02 -7.268946E-02  4.556169E-02 -3.552916E-01  1.185302E-02
  18 -2.848382E-02  2.355519E-02 -1.243257E-02 -4.752904E-02 -1.217126E-01
  19 -2.160312E-03 -1.856619E-02  1.341378E-03  2.640933E-02  6.784484E-03
  20  6.929286E-03  2.149868E-03  1.195591E-02 -2.999408E-02  2.751782E-02
  21  2.514235E-03 -6.841445E-02  1.928212E-03  7.209915E-02  4.226292E-02
  22  1.240639E-02 -1.124558E-03 -4.834096E-03 -2.235571E-03  4.906472E-05
  23 -3.095278E-02  6.728844E-02 -3.397365E-03 -4.544919E-02 -3.097825E-02
  24  2.303150E-02  3.459394E-02 -8.011598E-04 -2.442728E-02 -1.908020E-02
  25  5.322931E-02 -6.743374E-02  2.980347E-03 -1.279502E-02 -2.232621E-02
  26 -1.859891E-01  5.974441E-02  1.049105E-03  6.037998E-02  2.791968E-02
  27  1.205387E-01 -2.606074E-01 -1.591964E-02 -1.879678E-02 -5.469294E-02
  28  3.852464E-02 -5.161267E-03  2.367538E-03 -6.700583E-03  1.100883E-04
  29 -3.355898E-01 -1.782345E-02  2.318865E-03 -1.038896E-02  2.161225E-03
  30 -1.782856E-02 -5.845310E-02  4.493041E-03 -2.826943E-02  2.902065E-03
  31  3.703023E-03 -3.855047E-03 -6.663346E-02  4.655477E-02 -7.543150E-02
  32  1.207689E-02 -1.328525E-02  4.635146E-02 -1.311968E-01  1.122507E-01
  33  1.660369E-02 -1.606944E-02 -7.540827E-02  1.125453E-01 -2.390346E-01
  34  1.676814E-03 -1.605306E-03  2.798650E-03  1.962563E-03  3.983897E-03
  35 -5.257145E-03  1.027470E-03 -6.760704E-03 -9.882636E-03 -2.911979E-02
  36  3.239140E-05  2.561704E-03 -1.375592E-04  1.134081E-03  1.936298E-03
  37  1.280283E-03 -1.046425E-03 -8.052851E-04 -4.589214E-04  2.805329E-04
  38 -5.149044E-03 -2.308755E-03 -2.700494E-04 -7.485281E-04 -7.696975E-04
  39 -1.256613E-03  2.262642E-03  3.944748E-04 -1.068753E-03 -2.643327E-05
  40 -5.545194E-03 -8.021291E-03  5.776103E-03  2.277055E-03 -3.098946E-03
  41  1.214424E-02  1.522943E-02  2.016669E-03 -1.161348E-03  2.900549E-03
  42 -1.466438E-02 -1.620829E-02 -3.224398E-03  3.800554E-03 -2.085274E-03
  16
  16  1.776967E-01
  17 -6.907785E-02  7.124755E-01
  18  1.500642E-01  5.254681E-02  6.637262E-01
  19 -9.108146E-02  2.512034E-02 -6.653803E-02  2.175115E-01
  20  4.373692E-02 -1.681534E-01  1.031676E-01 -6.181182E-02  7.111350E-01
  21 -5.941206E-02  3.820845E-02 -2.521629E-01  1.434367E-01  1.875141E-02
  22  4.195544E-03 -4.848296E-04 -1.325928E-02 -8.206030E-02 -1.897192E-02
  23 -1.057769E-02  5.613587E-02 -1.294124E-02  9.148916E-04 -1.615007E-01
  24 -1.805665E-02  2.107832E-02 -4.296393E-02 -4.675469E-02 -1.054658E-01
  25 -8.456502E-03  1.393386E-02 -5.104344E-03  9.369937E-03 -6.393886E-03
  26  1.132788E-02 -4.782124E-02  2.031203E-02 -1.856496E-02 -2.513499E-02
  27 -5.974311E-03  2.645090E-02 -1.307477E-02  1.344276E-02 -3.227219E-02
  28  5.657400E-03  2.221511E-04 -2.685288E-03 -5.991309E-04 -1.613209E-04
  29 -5.712136E-05  1.062407E-03 -2.856869E-03 -9.822906E-05  6.418664E-04
  30 -2.842536E-03 -1.779328E-03 -4.023009E-03 -2.267448E-04  9.399318E-05
  31  2.101218E-03  9.438951E-04 -3.166135E-03  7.095460E-03  1.168205E-03
  32  9.886521E-03 -1.100320E-02  2.654481E-02  1.310871E-03 -5.004383E-03
  33  9.553476E-04 -3.089885E-03  4.941393E-03 -1.368281E-03 -1.777594E-03
  34 -4.511979E-02 -1.992006E-02 -5.048355E-02  2.085352E-03 -5.422103E-03
  35 -2.033461E-02 -1.187735E-01 -1.114778E-01  3.479644E-03  9.736984E-03
  36 -5.093882E-02 -1.113841E-01 -2.652184E-01 -3.902028E-03 -1.597673E-02
  37  5.112608E-03 -2.003130E-04 -2.117440E-03  2.026068E-03  4.513335E-03
  38  4.927250E-05 -9.459748E-04 -3.301513E-03 -4.752284E-03  9.603662E-03
  39 -1.857278E-03 -4.191988E-03 -2.762885E-03 -8.759039E-03  1.759436E-02
  40 -1.021384E-03  2.088623E-04  2.934661E-04  6.895883E-03  1.872518E-03
  41  1.231734E-04 -7.308798E-04  6.743817E-04  2.309575E-03 -5.134666E-03
  42  3.397025E-04  7.487662E-04  4.575889E-04 -1.679732E-03  5.493716E-04
  21
  21  6.596207E-01
  22 -5.386249E-02  1.841414E-01
  23 -4.090042E-02 -8.665757E-02  7.151070E-01
  24 -2.679893E-01  1.595361E-01 -5.469815E-03  6.546533E-01
  25  1.826813E-02 -6.807309E-02  2.886206E-02 -2.058254E-02  1.930784E-01
  26 -7.750770E-02  4.719529E-02 -3.552281E-01  1.411319E-02 -6.652185E-02
  27  2.936216E-02 -1.287333E-02 -4.473843E-02 -1.212721E-01  1.566775E-01
  28 -2.333741E-04  5.312552E-03  1.252675E-03 -3.328779E-03  5.400434E-04
  29  7.973028E-05  1.617024E-03  8.557527E-04  2.646056E-03  7.092883E-04
  30 -1.289922E-03 -3.187212E-03  1.597710E-03 -3.468606E-03 -2.491246E-03
  31 -1.410478E-03 -8.720335E-04 -2.653291E-04  5.587965E-04  6.307014E-03
  32 -2.319169E-03 -2.776605E-04 -6.634741E-04 -6.847983E-04  9.629853E-05
  33  2.031735E-03  5.083870E-04 -7.826642E-04  2.410127E-04 -2.341298E-03
  34 -8.675886E-03  4.615933E-03  2.170020E-03 -2.552946E-03 -8.745189E-04
  35  1.481214E-02  1.904057E-03 -1.269932E-03  2.813014E-03  1.785314E-04
  36 -1.725669E-02 -2.838395E-03  3.687527E-03 -1.942928E-03  1.906968E-04
  37 -3.994875E-03 -6.366317E-02  4.708284E-02 -7.766445E-02  9.144547E-04
  38 -1.310526E-02  4.674508E-02 -1.291257E-01  1.103919E-01  1.012851E-02
  39 -1.707166E-02 -7.718008E-02  1.100584E-01 -2.363101E-01  1.290160E-03
  40 -1.652734E-03  3.919442E-03  2.137308E-03  3.559728E-03 -4.989659E-02
  41  9.249968E-04 -6.464962E-03 -9.836923E-03 -2.821533E-02 -2.163888E-02
  42  2.361961E-03 -5.810133E-04  1.513799E-03  1.954244E-03 -5.148058E-02
  26
  26  6.930833E-01
  27  4.173971E-02  6.864219E-01
  28  9.692921E-03  1.903292E-03  3.270381E-02
  29 -1.149976E-02 -3.789228E-03 -4.176742E-02  3.546629E-01
  30  2.662895E-02  5.854459E-03  6.817887E-03  1.930526E-02  5.735715E-02
  31 -1.586727E-04 -2.455520E-03 -3.511478E-03 -7.466889E-04  1.199833E-03
  32 -8.261265E-04 -3.421188E-03 -5.021679E-04  6.380933E-04  5.282226E-04
  33 -4.328379E-03 -2.952666E-03  1.321170E-03 -2.594400E-04  3.473570E-04
  34  1.972810E-04  2.988803E-04  5.850239E-04  1.942450E-04  1.162079E-05
  35 -8.354141E-04  7.507243E-04 -2.661042E-04 -6.107150E-04 -1.450218E-03
  36  1.108423E-03  1.282384E-04 -1.823024E-04  1.098743E-04  2.558007E-05
  37  9.929740E-04 -2.808041E-03  5.043044E-04  9.974277E-05 -2.976798E-04
  38 -1.110322E-02  2.744937E-02  5.656159E-04 -6.660248E-04  1.326727E-03
  39 -2.679214E-03  5.045471E-03 -1.051777E-04 -2.294176E-04  1.646320E-04
  40 -2.165644E-02 -5.150519E-02 -3.520930E-03 -4.782239E-04  1.313992E-03
  41 -1.206882E-01 -1.128631E-01 -7.151904E-04  6.318166E-04 -1.742493E-04
  42 -1.132090E-01 -2.662810E-01  1.180618E-03  6.250573E-04  3.623120E-04
  31
  31  5.833230E-02
  32 -5.101352E-02  1.356440E-01
  33  8.332231E-02 -1.203693E-01  2.507146E-01
  34 -3.832549E-03 -7.063980E-04  1.360073E-03  3.688782E-02
  35 -5.665294E-04  5.276066E-04  5.178649E-04  2.087454E-02  1.242606E-01
  36  1.403651E-03 -1.124124E-04  5.256539E-04  5.638591E-02  1.206017E-01
  37 -7.964428E-04 -9.562481E-05  2.126735E-04 -9.928948E-05  1.813122E-04
  38 -8.877339E-05  4.419596E-05  1.479635E-04 -2.719164E-04  5.805914E-04
  39  2.193385E-04  1.266525E-04 -8.293645E-05 -3.981874E-04  8.224676E-04
  40  7.070046E-05 -2.644436E-04 -4.613612E-04 -7.833358E-04 -1.553695E-04
  41  2.081758E-04  4.618291E-04  8.492773E-04 -1.491275E-04  5.336778E-05
  42 -2.249781E-04 -7.612316E-04 -9.705754E-04  2.376542E-04 -7.165381E-05
  36
  36  2.792865E-01
  37 -1.747217E-04  5.683687E-02
  38 -7.193135E-04 -5.149865E-02  1.354232E-01
  39 -9.651489E-04  8.512056E-02 -1.186681E-01  2.481696E-01
  40  2.303153E-04 -3.804071E-03 -7.501210E-04  1.401122E-03  4.039819E-02
  41 -5.036540E-05 -5.450201E-04  5.295111E-04  4.693038E-04  2.212844E-02
  42 -1.051629E-04  1.445392E-03 -1.433772E-04  4.952389E-04  5.764782E-02
  41
  41  1.243367E-01
  42  1.217390E-01  2.799546E-01
&
&valid
version=1.0
geometry
atom_num=14
   7     0.5687259906     1.1888584168     4.7915900696
   1     0.6350972456     1.6901927771     3.9127071041
   1     1.1124180500     1.6533170869     5.5110194893
   6     1.1339249174    -2.9841886855     4.5260383711
   6     1.3901621128    -2.3073014363     5.7188762969
   6     1.2231139027    -0.9278681031     5.8071585822
   6     0.7924495758    -0.1866772168     4.6929494843
   6     0.5316258776    -0.8742126294     3.4949005380
   6     0.7021757912    -2.2539860774     3.4181951013
   1     1.2698777645    -4.0610600818     4.4607195964
   1     1.7272568631    -2.8581018849     6.5951835375
   1     1.4214007048    -0.4160940644     6.7480026523
   1     0.1881632207    -0.3201376151     2.6222795253
   1     0.4965249805    -2.7625193718     2.4779720491
end
molecule
molchg=0
multip=1
qs_cuts=   0    0    0
end
basis
name=ps_6-31g*                       
numd=5
atom_basis_num=0
end
&
