MAEFILE: HOtBu_freq.01.mae
&gen 
dftname=b3pw91-d3 
basis=6-31g* 
numd=5 
ip11=2 
iaccg=3 
isolv=2 
ifreq=1 
solvent=benzene 
esolv0=    -233.59478254793
nogas=1
&
&zmat
 O1             -1.3675057325            -0.3336027485             0.0000000000
 H2             -1.4345215414            -1.3020180908             0.0000000000
 C3              0.0269276924             0.0036244188             0.0000000000
 C4              0.0718483360             1.5300139664             0.0000000000
 C5              0.6950448515            -0.5546039743             1.2604020116
 C6              0.6950448515            -0.5546039743            -1.2604020116
 H7              1.1077451118             1.8862717159             0.0000000000
 H8             -0.4335662658             1.9253393247            -0.8880999028
 H9             -0.4335662658             1.9253393247             0.8880999028
 H10             1.7532200302            -0.2712206223             1.3087612804
 H11             0.1897622176            -0.1744691511             2.1551439406
 H12             0.6417918103            -1.6513277573             1.2746734994
 H13             1.7532200302            -0.2712206223            -1.3087612804
 H14             0.6417918103            -1.6513277573            -1.2746734994
 H15             0.1897622176            -0.1744691511            -2.1551439406
&
&guess  basgss=6-31g* numd=5
    1 Orbital Energy   -19.120138 Occupation  1.000000 Symmetry Ap      
  0.995181840884418  0.029480242090042  0.001425711461991 -0.000918409904173
 -0.000000000000000 -0.020068174227640 -0.005720231725217  0.000548697953687
  0.000000000000000 -0.000665151424898  0.000094095879217  0.000571055545681
 -0.000343042117470 -0.000000000000000  0.000000000000000  0.000579419985629
  0.002267569925512 -0.000227992120708 -0.001800869043483 -0.000612948041128
 -0.000239951558860  0.000000000000000  0.012712852984186 -0.006485072341703
 -0.001172945606953  0.000000000000000  0.000261325396806 -0.000077049396208
 -0.000184276000599  0.000241934795596 -0.000000000000000 -0.000000000000000
  0.000019421210592 -0.000138855329835  0.000211789620250  0.000390386238041
 -0.000000000000000 -0.002087821299761  0.000704502319679  0.000837476190878
 -0.000000000000000  0.000198592455979 -0.000124175079556 -0.000074417376423
 -0.000215464100806 -0.000000000000000  0.000000000000000  0.000002895169537
 -0.000327086957717  0.000347379001118 -0.000042797325986  0.000240082800765
 -0.000908681324699  0.000886183948196 -0.000091115040494  0.000230874532261
 -0.000040619928101  0.000008556942812  0.000032062985289  0.000142064438607
 -0.000229508137328 -0.000120330912526  0.000002895169537 -0.000327086957717
  0.000347379001118 -0.000042797325986 -0.000240082800765 -0.000908681324699
  0.000886183948196 -0.000091115040494 -0.000230874532261 -0.000040619928101
  0.000008556942812  0.000032062985289  0.000142064438607  0.000229508137328
  0.000120330912526 -0.000063727085748  0.000353357800208  0.000062296616988
  0.000000090964363  0.000062296616988  0.000000090964363 -0.000110164545398
  0.000249565058794  0.000005946605266  0.000002645578448  0.000111523187488
 -0.000449786682367 -0.000110164545398  0.000249565058794  0.000111523187488
 -0.000449786682367  0.000005946605266  0.000002645578448
    2 Orbital Energy   -10.222407 Occupation  1.000000 Symmetry Ap      
 -0.000025929426915  0.000279484463309  0.000260266557781  0.000107589494690
 -0.000000000000000 -0.004045034874298 -0.000809960218097 -0.000337889250244
  0.000000000000000  0.001370328799701 -0.000611960007945 -0.000758368791756
  0.000606337668145 -0.000000000000000 -0.000000000000000  0.000158093249835
 -0.000702547980174 -0.995667075305642 -0.039157813745804  0.000639802715936
  0.000137071737702 -0.000000000000000  0.041085139035437  0.002079828002934
  0.000933669901386 -0.000000000000000 -0.000343109131565  0.000145244479037
  0.000197864652528 -0.000165133423102  0.000000000000000  0.000000000000000
 -0.001099121092211  0.001095616581333 -0.000120415346187 -0.000175795938699
  0.000000000000000 -0.010059149893439  0.000497002037614  0.004790267462036
  0.000000000000000 -0.000432667614738  0.000800913117174 -0.000368245502436
  0.000088649517188  0.000000000000000  0.000000000000000 -0.001060112716622
  0.001141963646402 -0.000196261337474  0.000004198720817 -0.000116902195490
 -0.009915929545463  0.002437760221502 -0.001526685583431  0.003707721783843
 -0.000174186569541 -0.000233739638732  0.000407926208272 -0.000231854574147
  0.000523854055225 -0.000366862303803 -0.001060112716622  0.001141963646402
 -0.000196261337474  0.000004198720817  0.000116902195490 -0.009915929545463
  0.002437760221502 -0.001526685583431 -0.003707721783843 -0.000174186569541
 -0.000233739638732  0.000407926208272 -0.000231854574147 -0.000523854055225
  0.000366862303803  0.000412579117255 -0.000277616242631  0.000495237416307
  0.000097770557608  0.000495237416307  0.000097770557608  0.000414967388200
 -0.000326674011500  0.000507859901174  0.000155093122100  0.000482943785575
  0.000237684277989  0.000414967388200 -0.000326674011500  0.000482943785575
  0.000237684277989  0.000507859901174  0.000155093122100
    3 Orbital Energy   -10.150699 Occupation  1.000000 Symmetry App     
  0.000000000000000  0.000000000000000  0.000000000000000 -0.000000000000000
 -0.000150803579756  0.000000000000000 -0.000000000000000  0.000000000000000
  0.000478778715580 -0.000000000000000 -0.000000000000000 -0.000000000000000
  0.000000000000000  0.000266741632112 -0.000222011249635  0.000000000000000
  0.000000000000000  0.000000000000000  0.000000000000000  0.000000000000000
 -0.000000000000000 -0.000371642446198  0.000000000000000 -0.000000000000000
  0.000000000000000  0.003008014402104  0.000000000000000  0.000000000000000
  0.000000000000000 -0.000000000000000 -0.000779145231476  0.000673023589363
  0.000000000000000  0.000000000000000  0.000000000000000 -0.000000000000000
 -0.000297258594100  0.000000000000000 -0.000000000000000  0.000000000000000
  0.001915173318212 -0.000000000000000 -0.000000000000000 -0.000000000000000
  0.000000000000000  0.000078431544808 -0.000114993732564  0.703859026432584
  0.026824723032720  0.000012458290421  0.000038847977730 -0.000419297048019
 -0.023133757635359 -0.000427970877114  0.000020327197702  0.001727915594807
  0.000041166644255  0.000022110447094 -0.000063277091349  0.000007919788728
  0.000051234061065 -0.000028385600525 -0.703859026432584 -0.026824723032720
 -0.000012458290421 -0.000038847977730 -0.000419297048019  0.023133757635359
  0.000427970877114 -0.000020327197702  0.001727915594807 -0.000041166644255
 -0.000022110447094  0.000063277091349 -0.000007919788728  0.000051234061065
 -0.000028385600525  0.000000000000000  0.000000000000000  0.000117043004367
  0.001162946731237 -0.000117043004367 -0.001162946731237 -0.000190810798100
  0.004510250377343 -0.000359572898254  0.003181343796287 -0.000237490430442
  0.004340044864304  0.000190810798100 -0.004510250377343  0.000237490430442
 -0.004340044864304  0.000359572898254 -0.003181343796287
    4 Orbital Energy   -10.150659 Occupation  1.000000 Symmetry Ap      
 -0.000009374958348 -0.000519264768790 -0.000227780977753  0.000062909513442
  0.000000000000000  0.000450038068418  0.000346102527346 -0.000515232448113
 -0.000000000000000 -0.000068758691826 -0.000034561861821  0.000103320553647
 -0.000096238047238 -0.000000000000000  0.000000000000000 -0.000395797718716
 -0.000006642176180 -0.001473504264119 -0.000647524542536 -0.000116856583372
  0.000188903413258  0.000000000000000  0.005352287923963  0.000584777869858
 -0.001690885116296 -0.000000000000000  0.000328425458255  0.000363310146573
 -0.000691735604828  0.000342243543085  0.000000000000000 -0.000000000000000
 -0.007966601972561 -0.001646907326637 -0.000126070073620  0.000295043137472
  0.000000000000000  0.003478135198277  0.001084940097007 -0.001183767990643
 -0.000000000000000 -0.000038025402574 -0.000009062306887  0.000047087709461
 -0.000098904554344 -0.000000000000000  0.000000000000000  0.703722306568978
  0.025559839364239 -0.000093649078737  0.000123258145188  0.000001536221830
 -0.020130928025940  0.000728805746935 -0.000675037303179 -0.000424594787120
 -0.000029644626692 -0.000037375053057  0.000067019679749  0.000005338160848
 -0.000050864764602  0.000016224342279  0.703722306568978  0.025559839364239
 -0.000093649078737  0.000123258145188 -0.000001536221830 -0.020130928025940
  0.000728805746935 -0.000675037303179  0.000424594787120 -0.000029644626692
 -0.000037375053057  0.000067019679749  0.000005338160848  0.000050864764602
 -0.000016224342279 -0.000303812067372 -0.000946791889433 -0.000157556909415
  0.000017445980083 -0.000157556909415  0.000017445980083 -0.000497973479004
  0.003509867084081 -0.000371168255437  0.004460107284792 -0.000496011793159
  0.003296288618344 -0.000497973479004  0.003509867084081 -0.000496011793159
  0.003296288618344 -0.000371168255437  0.004460107284792
    5 Orbital Energy   -10.147476 Occupation  1.000000 Symmetry Ap      
 -0.000005624646772 -0.000301090591241 -0.000118427269172 -0.000228750559786
 -0.000000000000000  0.000235604324204  0.000352671651447  0.001096193755623
  0.000000000000000 -0.000066789845062  0.000231026325002 -0.000164236479939
  0.000165192606647  0.000000000000000 -0.000000000000000  0.000179507018431
  0.000498493920422 -0.001078661402301 -0.000362404664181  0.000047204127994
 -0.000301850671356 -0.000000000000000  0.003420208798707 -0.000207268889498
  0.002259109025290  0.000000000000000  0.000413753754427 -0.000898416220719
  0.000484662466292  0.000009373452096 -0.000000000000000 -0.000000000000000
  0.995298215359889  0.037147939844817  0.000052720136211 -0.000432821670156
 -0.000000000000000 -0.030618410637223 -0.000131032009909  0.001149392051269
  0.000000000000000  0.000005664754373  0.000009190027889 -0.000014854782263
  0.000013478820409  0.000000000000000 -0.000000000000000  0.005456736373315
 -0.000762796719670  0.000039798975297 -0.000291228051227  0.000083147399564
  0.002155984795770  0.000003850016991  0.001769288308004 -0.000119158782043
 -0.000058693878361  0.000114744469408 -0.000056050591047 -0.000024284181872
 -0.000015955294538 -0.000046814526522  0.005456736373315 -0.000762796719670
  0.000039798975297 -0.000291228051227 -0.000083147399564  0.002155984795770
  0.000003850016991  0.001769288308004  0.000119158782043 -0.000058693878361
  0.000114744469408 -0.000056050591047 -0.000024284181872  0.000015955294538
  0.000046814526522 -0.000491967466045  0.005567301460409 -0.000496488063463
  0.005433977876806 -0.000496488063463  0.005433977876806 -0.000215966041378
 -0.000667093736289 -0.000209259194628 -0.000765204413235 -0.000012066885945
  0.000828495638682 -0.000215966041378 -0.000667093736289 -0.000012066885945
  0.000828495638682 -0.000209259194628 -0.000765204413235
    6 Orbital Energy    -1.015216 Occupation  1.000000 Symmetry Ap      
  0.199996052772355 -0.433255805769375 -0.084995545302634  0.068401773871616
  0.000000000000000 -0.458315376034353 -0.051175143078811  0.033581218841152
  0.000000000000000 -0.003963288563392 -0.011535802691730  0.015499091255122
 -0.002591676971380 -0.000000000000000  0.000000000000000 -0.123856318993934
  0.006382106129152  0.078661400073759 -0.151737806846868  0.093607468141085
  0.027424095585518 -0.000000000000000 -0.041720150524197 -0.020602295104730
  0.009115231104219  0.000000000000000 -0.014743115749100  0.006144922444880
  0.008598193304220 -0.008131419567924  0.000000000000000  0.000000000000000
  0.018130732519526 -0.032330211310421  0.007730270272350  0.023262495584108
  0.000000000000000 -0.033926157610267  0.008547166528368  0.009304340184197
 -0.000000000000000  0.001887108134170 -0.003705777642691  0.001818669508521
 -0.002049692936911 -0.000000000000000  0.000000000000000  0.018274071466730
 -0.034523994926229  0.015882199008948 -0.005065459867363  0.016901830964379
 -0.017056448624162  0.009310488376773 -0.000157977260898 -0.000695010877727
 -0.000181202873546  0.001223689716199 -0.001042486842652  0.001285034416260
 -0.003079408844607  0.001126291175115  0.018274071466730 -0.034523994926229
  0.015882199008948 -0.005065459867363 -0.016901830964379 -0.017056448624162
  0.009310488376773 -0.000157977260898  0.000695010877727 -0.000181202873546
  0.001223689716199 -0.001042486842652  0.001285034416260  0.003079408844607
 -0.001126291175115 -0.005130554654923  0.000087060977366 -0.006568436799905
 -0.000012239167178 -0.006568436799905 -0.000012239167178 -0.005649276948327
 -0.001171524049570 -0.007283820891571  0.000879462067028 -0.007130371998418
 -0.003926075507265 -0.005649276948327 -0.001171524049570 -0.007130371998418
 -0.003926075507265 -0.007283820891571  0.000879462067028
    7 Orbital Energy    -0.787715 Occupation  1.000000 Symmetry Ap      
  0.068338906007473 -0.153305130690508  0.052068705567969  0.078721095911939
 -0.000000000000000 -0.188071130787114  0.020025523306510  0.037657564346963
  0.000000000000000  0.008270276623273 -0.010868743610510  0.002598466987238
  0.000398950024989 -0.000000000000000 -0.000000000000000 -0.075435242356214
 -0.010222803420059 -0.120516719971110  0.228909432058773  0.082800656706633
  0.031474595076903 -0.000000000000000  0.190838759236642  0.019397919444325
  0.003325823062467 -0.000000000000000 -0.009071082371306  0.003988051570745
  0.005083030800561 -0.006228599458156  0.000000000000000  0.000000000000000
 -0.094882851971206  0.178001518753709  0.010449694464504 -0.050867199447362
 -0.000000000000000  0.149679360158169  0.008400237230153 -0.004523077572514
 -0.000000000000000 -0.001790301670520  0.003378696365387 -0.001588394694867
 -0.001413589162386  0.000000000000000  0.000000000000000 -0.092578520688245
  0.173798848882312 -0.009858967479414  0.022766206780532 -0.042558575677135
  0.144172123184633  0.005472409327316  0.004002863636547 -0.004056135774033
 -0.001656528344919 -0.000474056672746  0.002130585017665 -0.000831406164783
  0.001165971099709 -0.002314085492583 -0.092578520688245  0.173798848882312
 -0.009858967479414  0.022766206780532  0.042558575677135  0.144172123184633
  0.005472409327316  0.004002863636547  0.004056135774033 -0.001656528344919
 -0.000474056672746  0.002130585017665 -0.000831406164783 -0.001165971099709
  0.002314085492583  0.054570143853838  0.006110848613734  0.048522766075819
  0.006528524118005  0.048522766075819  0.006528524118005  0.053652234346546
  0.006653228519564  0.047566382979417  0.006461556169831  0.047607324772466
  0.006550913684155  0.053652234346546  0.006653228519564  0.047607324772466
  0.006550913684155  0.047566382979417  0.006461556169831
    8 Orbital Energy    -0.689935 Occupation  1.000000 Symmetry App     
  0.000000000000000  0.000000000000000  0.000000000000000 -0.000000000000000
 -0.038918684575174  0.000000000000000  0.000000000000000 -0.000000000000000
 -0.020153958343980  0.000000000000000  0.000000000000000  0.000000000000000
 -0.000000000000000 -0.004035232983162  0.001341135315545  0.000000000000000
  0.000000000000000  0.000000000000000  0.000000000000000  0.000000000000000
 -0.000000000000000 -0.161840982347864  0.000000000000000  0.000000000000000
 -0.000000000000000 -0.034357686078551  0.000000000000000  0.000000000000000
  0.000000000000000 -0.000000000000000 -0.009421113850004  0.008717816449626
  0.000000000000000  0.000000000000000  0.000000000000000 -0.000000000000000
 -0.032489252228440  0.000000000000000  0.000000000000000 -0.000000000000000
 -0.013992397161030 -0.000000000000000  0.000000000000000  0.000000000000000
 -0.000000000000000  0.000422101447646  0.002768000222125  0.140459883316560
 -0.264484836565462  0.004115470941251 -0.002694253016383 -0.022931638782324
 -0.275668992756936  0.000797691719535 -0.000090004659474 -0.010253456800441
 -0.001674504352358 -0.001705748115181  0.003380252467538 -0.000318909780141
  0.002028179589022 -0.001777838635145 -0.140459883316560  0.264484836565462
 -0.004115470941251  0.002694253016383 -0.022931638782324  0.275668992756936
 -0.000797691719535  0.000090004659474 -0.010253456800441  0.001674504352358
  0.001705748115181 -0.003380252467538  0.000318909780141  0.002028179589022
 -0.001777838635145  0.000000000000000  0.000000000000000  0.010910250435247
  0.003774622085973 -0.010910250435247 -0.003774622085973 -0.092753432057694
 -0.021343061622439 -0.101957421979734 -0.024033071030384 -0.092573103776261
 -0.022299180503413  0.092753432057694  0.021343061622439  0.092573103776261
  0.022299180503413  0.101957421979734  0.024033071030384
    9 Orbital Energy    -0.689714 Occupation  1.000000 Symmetry Ap      
 -0.006780787717953  0.015603782319246  0.004975844481429  0.061538929200911
  0.000000000000000  0.018861250075556  0.000598747529947  0.027598774427831
  0.000000000000000  0.000670368722223 -0.001016582771020  0.000346214048797
  0.004698100313813  0.000000000000000 -0.000000000000000 -0.026346633335228
 -0.009133932571386 -0.003559798475203  0.008732501747992 -0.059956184331826
  0.156035546729746  0.000000000000000  0.005823486622211 -0.014325182970616
  0.047521683000064  0.000000000000000 -0.000677511102589  0.011126462752233
 -0.010448951649644  0.002378500530365  0.000000000000000 -0.000000000000000
 -0.156069128802553  0.296126924368660 -0.011068269035218  0.011637982539394
  0.000000000000000  0.293020276605419 -0.001039393842577  0.013555396318396
  0.000000000000000  0.002307965445925 -0.004471092864549  0.002163127418623
  0.000860122777716 -0.000000000000000 -0.000000000000000  0.084524402159111
 -0.159808586642365 -0.009140436686591  0.030844223390426  0.004786764843279
 -0.160684131902575 -0.005375624216094  0.011803539120574 -0.000668448504132
 -0.000187395341659  0.000114330279838  0.000073065061821 -0.001961058600894
  0.001332688336186 -0.002656793542348  0.084524402159111 -0.159808586642365
 -0.009140436686591  0.030844223390426 -0.004786764843279 -0.160684131902575
 -0.005375624216094  0.011803539120574  0.000668448504132 -0.000187395341659
  0.000114330279838  0.000073065061821 -0.001961058600894 -0.001332688336186
  0.002656793542348  0.101735326778218  0.021750643065995  0.107220819685019
  0.024612513118755  0.107220819685019  0.024612513118755 -0.056772404171861
 -0.013175935332398 -0.048293439738588 -0.009249609906587 -0.069501420693339
 -0.020296102266248 -0.056772404171861 -0.013175935332398 -0.069501420693339
 -0.020296102266248 -0.048293439738588 -0.009249609906587
   10 Orbital Energy    -0.566599 Occupation  1.000000 Symmetry Ap      
  0.020746942866336 -0.045498066089555  0.230138922662733  0.243737964379454
 -0.000000000000000 -0.073468855719863  0.119188785979219  0.126106904057594
 -0.000000000000000  0.019974879058481 -0.021512644665766  0.001537765607285
  0.001381825867070 -0.000000000000000 -0.000000000000000 -0.156974635430870
 -0.071468789800626 -0.110497835238867  0.232028969930504 -0.117124157096594
 -0.007755695911758  0.000000000000000  0.225092648051921 -0.025553532150747
  0.001068372742702  0.000000000000000  0.012264240292219 -0.007781677807122
 -0.004482562485097 -0.001258380665991 -0.000000000000000 -0.000000000000000
  0.068685895973731 -0.129792041954715 -0.046598063668160 -0.145800527750106
 -0.000000000000000 -0.162965522205797 -0.018281812810692 -0.045877084422964
 -0.000000000000000 -0.006948235932993  0.011705134819538 -0.004756898886545
  0.001655358164950  0.000000000000000  0.000000000000000  0.040929234932685
 -0.076884474102355 -0.070154186092711  0.037798723974069 -0.080692706183783
 -0.095692809392906 -0.020853889863249  0.010430160854199 -0.023412455080803
 -0.001612780036404 -0.003073208913015  0.004685988949419 -0.003850800098225
  0.006372692919879 -0.004152107802388  0.040929234932685 -0.076884474102355
 -0.070154186092711  0.037798723974069  0.080692706183783 -0.095692809392906
 -0.020853889863249  0.010430160854199  0.023412455080803 -0.001612780036404
 -0.003073208913015  0.004685988949419 -0.003850800098225 -0.006372692919879
  0.004152107802388 -0.099514850208391 -0.049446112564226 -0.069346897225279
 -0.030645260735291 -0.069346897225279 -0.030645260735291 -0.063661602430159
 -0.035350104298235 -0.043212862096663 -0.020898699341781 -0.052282718723020
 -0.029626686989496 -0.063661602430159 -0.035350104298235 -0.052282718723020
 -0.029626686989496 -0.043212862096663 -0.020898699341781
   11 Orbital Energy    -0.486298 Occupation  1.000000 Symmetry Ap      
  0.028533621823072 -0.070669597435255 -0.074682934716819 -0.277921404555789
 -0.000000000000000 -0.082784235719119 -0.024167386576331 -0.153958523324806
 -0.000000000000000 -0.006671521834706  0.013298946810451 -0.006627424975745
 -0.007291834660538  0.000000000000000  0.000000000000000  0.139611647131704
  0.072756290842332 -0.063808166017953  0.135064009969022  0.232316124545687
 -0.052680986180440 -0.000000000000000  0.129040733861011  0.106715090086276
 -0.042372153160565 -0.000000000000000 -0.011585680477735  0.008398492724798
  0.003187187752938  0.004071399576751  0.000000000000000  0.000000000000000
  0.002225526126490 -0.007237417989792  0.139420088975764 -0.056504441685000
 -0.000000000000000  0.017112995825962  0.061657250534812 -0.026065091255024
 -0.000000000000000  0.001923531507253  0.004947689604667 -0.006871221111920
 -0.001775114002385  0.000000000000000 -0.000000000000000  0.030479805029731
 -0.058331051117304 -0.001338694373360  0.053339108126490 -0.199721310510493
 -0.095333946688460 -0.002113156746499  0.023137335230304 -0.076747177911673
 -0.002688648528730 -0.002642848926887  0.005331497455617  0.001330359547656
  0.006189653068716 -0.007090706575571  0.030479805029731 -0.058331051117304
 -0.001338694373360  0.053339108126490  0.199721310510493 -0.095333946688460
 -0.002113156746499  0.023137335230304  0.076747177911673 -0.002688648528730
 -0.002642848926887  0.005331497455617  0.001330359547656 -0.006189653068716
  0.007090706575571  0.058200577829585  0.033121863407013 -0.051083526351519
 -0.038860286900342 -0.051083526351519 -0.038860286900342 -0.024560801749926
 -0.008620240213290 -0.106757179031802 -0.068505878105494 -0.056705172984901
 -0.027762838292507 -0.024560801749926 -0.008620240213290 -0.056705172984901
 -0.027762838292507 -0.106757179031802 -0.068505878105494
   12 Orbital Energy    -0.449028 Occupation  1.000000 Symmetry Ap      
  0.038848252227393 -0.085507275175401  0.179704491978096 -0.089135530551292
 -0.000000000000000 -0.161404148419570  0.107358814337748 -0.052552939784566
 -0.000000000000000  0.006508537490923 -0.002875811684175 -0.003632725806748
 -0.013967628338959 -0.000000000000000  0.000000000000000  0.021175505837892
  0.011241679890753 -0.002283682100826  0.002561797517341 -0.081098854138475
 -0.220333144250406 -0.000000000000000  0.006129424464087 -0.037420500045706
 -0.134464875874570 -0.000000000000000 -0.001633809991463  0.004621632217635
 -0.002987822226172  0.000939072860895  0.000000000000000  0.000000000000000
 -0.025164748561481  0.045347669154281 -0.067971605761867  0.184811807302472
  0.000000000000000  0.119394488452561 -0.021144776887155  0.074174103729072
  0.000000000000000  0.000536357557479 -0.006755572106185  0.006219214548706
 -0.000601030628432 -0.000000000000000  0.000000000000000  0.005428505173910
 -0.007566932294541 -0.118501180984976 -0.185553549025435 -0.068189623632059
 -0.031689467879608 -0.048717616189568 -0.080068615671051 -0.026045023488841
 -0.008116281284796  0.007935078662567  0.000181202622230 -0.000583461288373
  0.004312514031889  0.002171145869794  0.005428505173910 -0.007566932294541
 -0.118501180984976 -0.185553549025435  0.068189623632059 -0.031689467879608
 -0.048717616189568 -0.080068615671051  0.026045023488841 -0.008116281284796
  0.007935078662567  0.000181202622230 -0.000583461288373 -0.004312514031889
 -0.002171145869794  0.015909996846034 -0.009034951623667  0.077497702536197
  0.042104086056660  0.077497702536197  0.042104086056660 -0.103959265070143
 -0.077521290412529 -0.041823256549682 -0.029403103812385  0.111535613678923
  0.092980299943785 -0.103959265070143 -0.077521290412529  0.111535613678923
  0.092980299943785 -0.041823256549682 -0.029403103812385
   13 Orbital Energy    -0.446072 Occupation  1.000000 Symmetry App     
  0.000000000000000  0.000000000000000 -0.000000000000000  0.000000000000000
  0.165836467161724  0.000000000000000 -0.000000000000000  0.000000000000000
  0.107488081409567 -0.000000000000000 -0.000000000000000 -0.000000000000000
  0.000000000000000  0.010684733131890 -0.003362678635256  0.000000000000000
  0.000000000000000  0.000000000000000  0.000000000000000 -0.000000000000000
  0.000000000000000  0.259498786615566  0.000000000000000 -0.000000000000000
  0.000000000000000  0.104604684935986  0.000000000000000  0.000000000000000
  0.000000000000000 -0.000000000000000 -0.004696301576797  0.004362801601465
  0.000000000000000  0.000000000000000 -0.000000000000000  0.000000000000000
  0.243263375671339  0.000000000000000 -0.000000000000000  0.000000000000000
  0.116676638938208  0.000000000000000  0.000000000000000  0.000000000000000
 -0.000000000000000 -0.010076465197261  0.000200257147872  0.018241970862821
 -0.034487120221134 -0.159900536546889  0.146211046238060 -0.062058004013583
 -0.065652944573569 -0.078406884537608  0.068225004436041 -0.028404731114819
 -0.001625251656740 -0.004305638140671  0.005930889797411 -0.006581842363238
  0.001720583772716 -0.001795391218653 -0.018241970862821  0.034487120221134
  0.159900536546889 -0.146211046238060 -0.062058004013583  0.065652944573569
  0.078406884537608 -0.068225004436041 -0.028404731114819  0.001625251656740
  0.004305638140671 -0.005930889797411  0.006581842363238  0.001720583772716
 -0.001795391218653  0.000000000000000  0.000000000000000 -0.115970795909742
 -0.081882678558415  0.115970795909742  0.081882678558415 -0.085561150314082
 -0.050511164535427  0.029585390727113  0.031735992003119 -0.097546672509385
 -0.060471845395503  0.085561150314082  0.050511164535427  0.097546672509385
  0.060471845395503 -0.029585390727113 -0.031735992003119
   14 Orbital Energy    -0.408973 Occupation  1.000000 Symmetry Ap      
  0.040285797143903 -0.093170488187846  0.044004712806835 -0.215315358846586
 -0.000000000000000 -0.160491728264602  0.033611764875241 -0.133954283741159
 -0.000000000000000 -0.003737690097151  0.007394198967095 -0.003656508869944
 -0.007579697404331  0.000000000000000  0.000000000000000  0.098474872468521
  0.059578965058463 -0.017922931356788  0.039135241677900 -0.000058742775410
  0.035942693642861  0.000000000000000  0.039553801211592 -0.001364172861074
 -0.012822695664802 -0.000000000000000 -0.016538427629474  0.001958229102257
  0.014580198527217  0.010867662011295  0.000000000000000  0.000000000000000
  0.001230475171835 -0.003276647543736  0.041723790114246 -0.060578044247200
 -0.000000000000000  0.013409133919943  0.042063748429179 -0.032631086868373
 -0.000000000000000 -0.002653510472051  0.003310942859013 -0.000657432386962
  0.000589774728997  0.000000000000000  0.000000000000000 -0.003924674010352
  0.008941080310796 -0.216674320828605  0.109741917092029  0.144048181307599
  0.010654020402155 -0.109644045838693  0.062552640063228  0.086566677231782
 -0.006401554184899 -0.002914700568564  0.009316254753463 -0.006015602959633
 -0.005859469553407  0.003617350025376 -0.003924674010352  0.008941080310796
 -0.216674320828605  0.109741917092029 -0.144048181307599  0.010654020402155
 -0.109644045838693  0.062552640063228 -0.086566677231782 -0.006401554184899
 -0.002914700568564  0.009316254753463 -0.006015602959633  0.005859469553407
 -0.003617350025376  0.004788993810707 -0.015130494503234 -0.023251005467962
 -0.012979893415538 -0.023251005467962 -0.012979893415538 -0.109885818696986
 -0.091708503430392  0.163032158344089  0.111693870404813 -0.057335843543468
 -0.040046915595713 -0.109885818696986 -0.091708503430392 -0.057335843543468
 -0.040046915595713  0.163032158344089  0.111693870404813
   15 Orbital Energy    -0.394390 Occupation  1.000000 Symmetry App     
  0.000000000000000  0.000000000000000  0.000000000000000 -0.000000000000000
 -0.135922434164148  0.000000000000000  0.000000000000000 -0.000000000000000
 -0.096729720340235  0.000000000000000  0.000000000000000  0.000000000000000
 -0.000000000000000 -0.007393703291606  0.006499205292919  0.000000000000000
  0.000000000000000  0.000000000000000  0.000000000000000  0.000000000000000
 -0.000000000000000 -0.057829090383012  0.000000000000000  0.000000000000000
 -0.000000000000000 -0.024188294846137 -0.000000000000000  0.000000000000000
 -0.000000000000000 -0.000000000000000  0.011387627203706  0.014736801575009
  0.000000000000000  0.000000000000000 -0.000000000000000  0.000000000000000
  0.155624531909896  0.000000000000000 -0.000000000000000  0.000000000000000
  0.090983857657561  0.000000000000000  0.000000000000000  0.000000000000000
 -0.000000000000000 -0.004302411570787  0.005509881688639  0.000704093599260
 -0.000432249584806  0.229225766717833  0.178014155922141  0.006986483791808
 -0.002424689414491  0.130179049626377  0.100350831332860  0.004765637296482
  0.013025245561302 -0.010490461727143 -0.002534783834159  0.004730989295267
  0.001443127351436  0.000701053205950 -0.000704093599260  0.000432249584806
 -0.229225766717833 -0.178014155922141  0.006986483791808  0.002424689414491
 -0.130179049626377 -0.100350831332860  0.004765637296482 -0.013025245561302
  0.010490461727143  0.002534783834159 -0.004730989295267  0.001443127351436
  0.000701053205950  0.000000000000000  0.000000000000000 -0.079699943543051
 -0.055014457069206  0.079699943543051  0.055014457069206  0.171383366798044
  0.125538376886477 -0.023314834294619 -0.016913321838526 -0.121856158486747
 -0.093693267950299 -0.171383366798044 -0.125538376886477  0.121856158486747
  0.093693267950299  0.023314834294619  0.016913321838526
   16 Orbital Energy    -0.377563 Occupation  1.000000 Symmetry Ap      
  0.019894529818975 -0.047595935686822 -0.151206795241944 -0.133654126255900
  0.000000000000000 -0.092338387864537 -0.100842768398103 -0.082669662111009
  0.000000000000000 -0.010713935910001  0.012663749310464 -0.001949813400462
  0.003126764413594  0.000000000000000  0.000000000000000  0.083820084394207
  0.065838484700077 -0.017978895501148  0.039165315108652  0.105823699608871
  0.077604428912547 -0.000000000000000  0.047640729118187  0.017553855454497
  0.034641363832676  0.000000000000000 -0.014175495628367  0.008621758393231
  0.005553737235136 -0.013304609307331  0.000000000000000  0.000000000000000
 -0.005141883628427  0.012331346767945 -0.406034738833793 -0.091644735562671
  0.000000000000000  0.013586910287369 -0.196751031469122 -0.036427141254583
  0.000000000000000 -0.020050297104863  0.005090125825086  0.014960171279777
 -0.016417588939837 -0.000000000000000  0.000000000000000 -0.003285279916898
  0.005402398666429  0.001381177877119  0.026896164633222 -0.045981295849457
  0.020069159749203  0.009355742250288  0.012749213523221 -0.028779213696472
 -0.001096827554208 -0.000718224860860  0.001815052415068 -0.001100182362630
  0.000036293651772 -0.001793361899575 -0.003285279916898  0.005402398666429
  0.001381177877119  0.026896164633222  0.045981295849457  0.020069159749203
  0.009355742250288  0.012749213523221  0.028779213696472 -0.001096827554208
 -0.000718224860860  0.001815052415068 -0.001100182362630 -0.000036293651772
  0.001793361899575 -0.277851814740033 -0.244697083625654  0.109018057381469
  0.086795731277955  0.109018057381469  0.086795731277955 -0.001161013477007
 -0.017912394525187 -0.012473366925132 -0.005020478547582 -0.013571806310622
 -0.010959414463047 -0.001161013477007 -0.017912394525187 -0.013571806310622
 -0.010959414463047 -0.012473366925132 -0.005020478547582
   17 Orbital Energy    -0.363651 Occupation  1.000000 Symmetry App     
  0.000000000000000  0.000000000000000  0.000000000000000 -0.000000000000000
 -0.008691039391004  0.000000000000000  0.000000000000000 -0.000000000000000
 -0.006359951482992  0.000000000000000 -0.000000000000000  0.000000000000000
 -0.000000000000000 -0.000493510525018 -0.000000927364963  0.000000000000000
  0.000000000000000  0.000000000000000  0.000000000000000  0.000000000000000
 -0.000000000000000 -0.014708654638549  0.000000000000000  0.000000000000000
 -0.000000000000000 -0.003010631446742  0.000000000000000 -0.000000000000000
  0.000000000000000  0.000000000000000 -0.000447282180690 -0.000507703056511
  0.000000000000000  0.000000000000000  0.000000000000000 -0.000000000000000
 -0.271392296135898  0.000000000000000  0.000000000000000 -0.000000000000000
 -0.143708133583488 -0.000000000000000 -0.000000000000000 -0.000000000000000
  0.000000000000000  0.012907214523424 -0.011755217761449 -0.000849140097319
  0.002462031044798 -0.077225601295057  0.207413760144232  0.146277732795584
  0.001948475915974 -0.037680997114703  0.106983418328338  0.079571611674488
  0.001863038059194 -0.013893167828774  0.012030129769580 -0.002760621534359
 -0.007315094938141  0.006478235346549  0.000849140097319 -0.002462031044798
  0.077225601295057 -0.207413760144232  0.146277732795584 -0.001948475915974
  0.037680997114703 -0.106983418328338  0.079571611674488 -0.001863038059194
  0.013893167828774 -0.012030129769580  0.002760621534359 -0.007315094938141
  0.006478235346549  0.000000000000000  0.000000000000000  0.147075331441237
  0.117367251043166 -0.147075331441237 -0.117367251043166 -0.008503994703053
 -0.008169694979968  0.154484474871280  0.124909792541364 -0.137822123668189
 -0.117237021895322  0.008503994703053  0.008169694979968  0.137822123668189
  0.117237021895322 -0.154484474871280 -0.124909792541364
   18 Orbital Energy    -0.350904 Occupation  1.000000 Symmetry Ap      
  0.025925738853621 -0.056675137241925  0.333451573310612 -0.136283182211478
 -0.000000000000000 -0.092299372190941  0.234650220322654 -0.096679307787566
 -0.000000000000000  0.010021008118218 -0.002044117758736 -0.007976890359482
 -0.017322265550497 -0.000000000000000  0.000000000000000  0.033231052400361
 -0.011096254869930  0.005317762260145 -0.012179907818528 -0.132466944914789
 -0.192748712656642  0.000000000000000 -0.017661413262835 -0.023993478525652
 -0.105383955312580 -0.000000000000000  0.016341965384809 -0.013918020689302
 -0.002423944695507  0.010387436675036 -0.000000000000000 -0.000000000000000
  0.011627773541566 -0.023147444253094 -0.083184776914080  0.199330303855077
  0.000000000000000 -0.023900721708067 -0.032089027798078  0.102551291793048
  0.000000000000000 -0.001190656436632 -0.006259351886347  0.007450008322979
 -0.002370333345302 -0.000000000000000  0.000000000000000 -0.000118857468896
  0.002293588109395  0.120435419257039  0.160408652634251  0.011980740569358
 -0.010659232410340  0.055900236512292  0.083574970005425  0.016412235224214
  0.014631009893028 -0.015094629694023  0.000463619800996  0.003693048792463
  0.003060588994537  0.004090965126114 -0.000118857468896  0.002293588109395
  0.120435419257039  0.160408652634251 -0.011980740569358 -0.010659232410340
  0.055900236512292  0.083574970005425 -0.016412235224214  0.014631009893028
 -0.015094629694023  0.000463619800996  0.003693048792463 -0.003060588994537
 -0.004090965126114 -0.014847614571745 -0.006913368609990  0.063823463262711
  0.054141106519859  0.063823463262711  0.054141106519859  0.120984363188132
  0.119484667539840  0.007535049873941  0.000147336198436 -0.126596474859789
 -0.117576388649519  0.120984363188132  0.119484667539840 -0.126596474859789
 -0.117576388649519  0.007535049873941  0.000147336198436
   19 Orbital Energy    -0.344034 Occupation  1.000000 Symmetry App     
  0.000000000000000  0.000000000000000  0.000000000000000 -0.000000000000000
 -0.223658018831845  0.000000000000000  0.000000000000000 -0.000000000000000
 -0.158474772837525  0.000000000000000  0.000000000000000  0.000000000000000
 -0.000000000000000 -0.011804413696794  0.007251424049308  0.000000000000000
  0.000000000000000  0.000000000000000  0.000000000000000  0.000000000000000
 -0.000000000000000 -0.255307330370979  0.000000000000000  0.000000000000000
 -0.000000000000000 -0.096905410975163  0.000000000000000  0.000000000000000
  0.000000000000000 -0.000000000000000 -0.004656119247778  0.012790624717801
  0.000000000000000  0.000000000000000 -0.000000000000000  0.000000000000000
  0.205543410118256  0.000000000000000 -0.000000000000000  0.000000000000000
  0.110042628097331  0.000000000000000  0.000000000000000  0.000000000000000
 -0.000000000000000 -0.010243499919085  0.015500348907929  0.014598455988453
 -0.026443721099767 -0.070899458900105 -0.066491880395908  0.243817484016939
 -0.063507525447111 -0.018731485327109 -0.030922179866790  0.134577987855059
 -0.009859159491488  0.002558216084284  0.007300943407204 -0.001693751809542
 -0.011217220971564  0.007365027700717 -0.014598455988453  0.026443721099767
  0.070899458900105  0.066491880395908  0.243817484016939  0.063507525447111
  0.018731485327109  0.030922179866790  0.134577987855059  0.009859159491488
 -0.002558216084284 -0.007300943407204  0.001693751809542 -0.011217220971564
  0.007365027700717  0.000000000000000  0.000000000000000 -0.124748654383379
 -0.113931881074664  0.124748654383379  0.113931881074664 -0.070523915021747
 -0.065974280289048  0.140249306813965  0.134698655007075  0.037236069363326
  0.039378818737897  0.070523915021747  0.065974280289048 -0.037236069363326
 -0.039378818737897 -0.140249306813965 -0.134698655007075
   20 Orbital Energy    -0.313977 Occupation  1.000000 Symmetry Ap      
  0.040025804344401 -0.088622556160843  0.245419505579254 -0.227337801715456
 -0.000000000000000 -0.170924406206196  0.191389466522607 -0.152815875608774
 -0.000000000000000  0.000141247925540  0.011083175607289 -0.011224423532829
 -0.006616262289939  0.000000000000000  0.000000000000000  0.114659324098808
  0.083507030072962 -0.004543261676720  0.014281731245454 -0.180388139621600
  0.280753964894284  0.000000000000000 -0.010787275776249 -0.030618251168447
  0.059898769686782  0.000000000000000  0.000093696727969  0.016718398470693
 -0.016812095198661  0.012441565340369  0.000000000000000 -0.000000000000000
 -0.028949080654915  0.056961883210411  0.011911563106627 -0.277883993341352
 -0.000000000000000  0.161005646187229  0.018814810407259 -0.161617917348572
 -0.000000000000000 -0.003849294492002  0.010329979736828 -0.006480685244826
  0.005195707159365  0.000000000000000 -0.000000000000000  0.019104569662620
 -0.035376994138905  0.121930156437469 -0.123106067509606  0.094169702730744
 -0.098327836281228  0.058997889261041 -0.055510721810502  0.073808182835423
  0.003856201110411  0.010453278520123 -0.014309479630535  0.000489439790425
  0.000932721617540 -0.002919834993413  0.019104569662620 -0.035376994138905
  0.121930156437469 -0.123106067509606 -0.094169702730744 -0.098327836281228
  0.058997889261041 -0.055510721810502 -0.073808182835423  0.003856201110411
  0.010453278520123 -0.014309479630535  0.000489439790425 -0.000932721617540
  0.002919834993413 -0.022717964529852 -0.043343978717145 -0.053653039232343
 -0.078185031541529 -0.053653039232343 -0.078185031541529  0.050111534028527
  0.061895278228154 -0.047074834023296 -0.059759959466723  0.081340728706802
  0.115207435913173  0.050111534028527  0.061895278228154  0.081340728706802
  0.115207435913173 -0.047074834023296 -0.059759959466723
   21 Orbital Energy    -0.262753 Occupation  1.000000 Symmetry App     
  0.000000000000000  0.000000000000000 -0.000000000000000  0.000000000000000
  0.560593052099832  0.000000000000000 -0.000000000000000  0.000000000000000
  0.441524819064282 -0.000000000000000 -0.000000000000000 -0.000000000000000
  0.000000000000000  0.010744770824276 -0.018731580033506  0.000000000000000
  0.000000000000000  0.000000000000000  0.000000000000000  0.000000000000000
 -0.000000000000000 -0.199075196035707  0.000000000000000  0.000000000000000
 -0.000000000000000 -0.025960082611838  0.000000000000000  0.000000000000000
  0.000000000000000 -0.000000000000000 -0.028628024667437  0.004692086170009
  0.000000000000000  0.000000000000000 -0.000000000000000  0.000000000000000
  0.021049257271983  0.000000000000000  0.000000000000000 -0.000000000000000
 -0.019315955983987  0.000000000000000  0.000000000000000  0.000000000000000
 -0.000000000000000 -0.004508290030919  0.007077758614880  0.028929833482665
 -0.060804113259949  0.120695061614646 -0.043602859418570  0.156249112941197
 -0.158891401008115  0.036959026854993 -0.055922890299722  0.093503996264893
  0.005964260397522 -0.004016092667946 -0.001948167729575  0.003072624456285
 -0.003020966518843  0.004282129820225 -0.028929833482665  0.060804113259949
 -0.120695061614646  0.043602859418570  0.156249112941197  0.158891401008115
 -0.036959026854993  0.055922890299722  0.093503996264893 -0.005964260397522
  0.004016092667946  0.001948167729575 -0.003072624456285 -0.003020966518843
  0.004282129820225  0.000000000000000  0.000000000000000 -0.027047582684417
 -0.064636593627931  0.027047582684417  0.064636593627931  0.058888634497562
  0.104511912848051  0.020570976915738  0.066863938199641 -0.006878798755704
  0.003148710682133 -0.058888634497562 -0.104511912848051  0.006878798755704
 -0.003148710682133 -0.020570976915738 -0.066863938199641
   22 Orbital Energy     0.078384 Occupation  0.000000 Symmetry Ap      
  0.051396469864575 -0.116052698409318 -0.031021373482318  0.166702617480643
  0.000000000000000 -0.481623166830453 -0.006909599282258  0.298030244085736
  0.000000000000000  0.000157544560080 -0.007022405691186  0.006864861131106
  0.003773184836599 -0.000000000000000 -0.000000000000000  0.083051603118530
  0.767056572097045  0.017869839825265 -0.008606437306858 -0.094828315623193
 -0.013221938147447  0.000000000000000 -0.465789746768380 -0.101619787708453
 -0.032056109489872  0.000000000000000 -0.004731335160326  0.000508173641179
  0.004223161519147 -0.006106518449625 -0.000000000000000  0.000000000000000
  0.054401515319294 -0.077356714284390 -0.047182769543869 -0.053933135905111
  0.000000000000000 -0.678618250650774 -0.148203163293241 -0.286215334030450
 -0.000000000000000  0.004019497166137 -0.005080673065877  0.001061175899740
  0.005997808532228 -0.000000000000000 -0.000000000000000  0.056656578564943
 -0.073507656705100 -0.070975180372020  0.071051473573167 -0.065021580592184
 -0.812036608184900 -0.254997076094982  0.220393659989910 -0.274048755291697
  0.005697669628483 -0.001061874910900 -0.004635794717583  0.003862576617760
 -0.000560484978077  0.005960623537456  0.056656578564943 -0.073507656705100
 -0.070975180372020  0.071051473573167  0.065021580592184 -0.812036608184900
 -0.254997076094982  0.220393659989910  0.274048755291697  0.005697669628483
 -0.001061874910900 -0.004635794717583  0.003862576617760  0.000560484978077
 -0.005960623537456  0.029564188093644  0.578634051623221 -0.000204233368112
  0.281077120014649 -0.000204233368112  0.281077120014649  0.035680588412506
  0.577213107080645  0.004178579961036  0.310668408466059  0.000294695271387
  0.516897688281043  0.035680588412506  0.577213107080645  0.000294695271387
  0.516897688281043  0.004178579961036  0.310668408466059
   23 Orbital Energy     0.120831 Occupation  0.000000 Symmetry Ap      
 -0.053607905811183  0.121314358810394  0.171622124453802 -0.085936560097752
 -0.000000000000000  0.488156406696653  0.191217681940535 -0.142062733733361
 -0.000000000000000 -0.005790627872818  0.004447625714992  0.001343002157826
 -0.012321264512030  0.000000000000000  0.000000000000000 -0.062684319292715
 -0.510635778480515  0.023360006009401 -0.067104353581759  0.205238084841480
  0.050126789001590 -0.000000000000000 -0.158361351168511  0.107289653611968
  0.008324925449761 -0.000000000000000  0.025780046452281 -0.010909209845583
 -0.014870836606698  0.014706762729085 -0.000000000000000 -0.000000000000000
  0.045153612694876 -0.063878986818077  0.124213064138756 -0.056901600650028
 -0.000000000000000 -0.659198709948462  0.475366288680200 -0.223197898889997
 -0.000000000000000 -0.006456137030852 -0.002150676488952  0.008606813519804
 -0.016629613895142 -0.000000000000000  0.000000000000000  0.044765557009299
 -0.066925654229445  0.095850295285374  0.028808260804845 -0.064680553797790
 -0.616414470768752  0.350467002500588  0.159321868952815 -0.267687570682362
 -0.015558029295133  0.008825956271972  0.006732073023162 -0.004206961577232
 -0.011203798227276 -0.002334910627251  0.044765557009299 -0.066925654229445
  0.095850295285374  0.028808260804845  0.064680553797790 -0.616414470768752
  0.350467002500588  0.159321868952815  0.267687570682362 -0.015558029295133
  0.008825956271972  0.006732073023162 -0.004206961577232  0.011203798227276
  0.002334910627251 -0.066102872544431 -0.302923514072881  0.049292594052136
  0.666517041149431  0.049292594052136  0.666517041149431 -0.074868389941379
 -0.312530722775669  0.051801223123932  0.696207275457054  0.046802455655611
  0.515267692773607 -0.074868389941379 -0.312530722775669  0.046802455655611
  0.515267692773607  0.051801223123932  0.696207275457054
   24 Orbital Energy     0.139455 Occupation  0.000000 Symmetry Ap      
 -0.012761573863237  0.000848318010280 -0.092241966246245 -0.191490706869907
 -0.000000000000000  0.300919882304627 -0.134434526059457 -0.311096955974741
 -0.000000000000000 -0.005629737093821  0.006189924384497 -0.000560187290676
 -0.005578507134427  0.000000000000000  0.000000000000000 -0.075953311321924
 -0.741989991704851  0.000961054473259 -0.006006607482496 -0.037086363278888
 -0.081081380232061 -0.000000000000000 -0.076467381189335 -0.046597208348992
 -0.067870452823469  0.000000000000000 -0.011288919783543  0.016733268331660
 -0.005444348548117 -0.004240855597998  0.000000000000000  0.000000000000000
  0.011417220711409  0.009320823718637 -0.090569527336658 -0.175081816190108
 -0.000000000000000 -0.471246803407073 -0.211478641300773 -0.447482318760100
 -0.000000000000000  0.005748102709382 -0.007128661722616  0.001380559013234
  0.001903979013499 -0.000000000000000 -0.000000000000000  0.021632037306782
 -0.035687813790273 -0.108584470157112 -0.206665257251887 -0.044217650163461
 -0.295268693387834 -0.278105534699939 -0.569874079954147 -0.179755435223407
  0.001207285528560 -0.004686194708203  0.003478909179643 -0.002319132865226
 -0.003014836238809  0.001588644197593  0.021632037306782 -0.035687813790273
 -0.108584470157112 -0.206665257251887  0.044217650163461 -0.295268693387834
 -0.278105534699939 -0.569874079954147  0.179755435223407  0.001207285528560
 -0.004686194708203  0.003478909179643 -0.002319132865226  0.003014836238809
 -0.001588644197593  0.032611040630646  0.651259061346633  0.009589212601372
  0.195930572468698  0.009589212601372  0.195930572468698  0.011236409523677
  0.714557980819925  0.030028351884644  0.412450409162345 -0.029731575094728
 -0.686167725676471  0.011236409523677  0.714557980819925 -0.029731575094728
 -0.686167725676471  0.030028351884644  0.412450409162345
   25 Orbital Energy     0.158266 Occupation  0.000000 Symmetry App     
  0.000000000000000  0.000000000000000 -0.000000000000000  0.000000000000000
  0.014936236761115  0.000000000000000  0.000000000000000 -0.000000000000000
 -0.019521082963734 -0.000000000000000 -0.000000000000000 -0.000000000000000
  0.000000000000000  0.003374646646005 -0.000381575158462  0.000000000000000
  0.000000000000000  0.000000000000000  0.000000000000000 -0.000000000000000
  0.000000000000000  0.129057301194993  0.000000000000000 -0.000000000000000
  0.000000000000000  0.153612536608111  0.000000000000000  0.000000000000000
  0.000000000000000 -0.000000000000000 -0.002839214079472  0.028158461985004
  0.000000000000000  0.000000000000000 -0.000000000000000  0.000000000000000
  0.270349704576076  0.000000000000000 -0.000000000000000  0.000000000000000
  0.915741836734112 -0.000000000000000 -0.000000000000000 -0.000000000000000
  0.000000000000000  0.015839359011826 -0.018473297371935  0.044848897236612
 -0.074670997668383 -0.021364343744981  0.095365439263425  0.143591517185370
 -0.491070265700101 -0.066866515244864  0.351937705957510  0.427449517125822
 -0.009462120653492  0.011525469597159 -0.002063348943667 -0.002521438676182
  0.004627326047259 -0.007788353840495 -0.044848897236612  0.074670997668383
  0.021364343744981 -0.095365439263425  0.143591517185370  0.491070265700101
  0.066866515244864 -0.351937705957510  0.427449517125822  0.009462120653492
 -0.011525469597159  0.002063348943667  0.002521438676182  0.004627326047259
 -0.007788353840495  0.000000000000000  0.000000000000000  0.097413420626297
  1.066175208822396 -0.097413420626297 -1.066175208822396 -0.024666247592694
  0.145354254086029 -0.042107069229468 -0.474216101810588  0.061129773203043
  0.730062308524863  0.024666247592694 -0.145354254086029 -0.061129773203043
 -0.730062308524863  0.042107069229468  0.474216101810588
   26 Orbital Energy     0.167458 Occupation  0.000000 Symmetry Ap      
 -0.024168695798303  0.041096045725529 -0.014170683030254 -0.140352607282939
 -0.000000000000000  0.351695836425461  0.005843276385449 -0.230455915997984
 -0.000000000000000 -0.002612725387606  0.005037022762831 -0.002424297375225
 -0.001939273689883  0.000000000000000  0.000000000000000 -0.053212812428056
 -0.561251285216300  0.000889916391460 -0.007239223816268 -0.002774357643929
  0.113018663365233  0.000000000000000  0.019849399302578  0.078037222984059
  0.227882479264043  0.000000000000000 -0.007831825140332 -0.014399700659276
  0.022231525799607  0.013082327192791 -0.000000000000000 -0.000000000000000
  0.092954840710020 -0.119674756432809 -0.070099375048054 -0.044626101458504
  0.000000000000000 -1.439709246052962 -0.145367494717433 -0.054310869338984
  0.000000000000000 -0.006182530130598  0.003268611067651  0.002913919062947
 -0.009328793839915  0.000000000000000  0.000000000000000 -0.031109670233510
  0.046981656881348 -0.119782038954405  0.096282906985063  0.080897296223862
  0.378578811375990 -0.384744652648671  0.419213880240548  0.317333864985768
 -0.000913051294502  0.017543310206168 -0.016630258911666  0.001714740832399
  0.004081018545641 -0.009973666867437 -0.031109670233510  0.046981656881348
 -0.119782038954405  0.096282906985063 -0.080897296223862  0.378578811375990
 -0.384744652648671  0.419213880240548 -0.317333864985768 -0.000913051294502
  0.017543310206168 -0.016630258911666  0.001714740832399 -0.004081018545641
  0.009973666867437 -0.014128276606999  0.766907104757421  0.031484732240765
  0.525051048716535  0.031484732240765  0.525051048716535 -0.001695081431575
  0.147499206193787 -0.089738861359562 -0.996877567149719  0.086280178475614
  0.436829139301875 -0.001695081431575  0.147499206193787  0.086280178475614
  0.436829139301875 -0.089738861359562 -0.996877567149719
   27 Orbital Energy     0.171322 Occupation  0.000000 Symmetry App     
  0.000000000000000  0.000000000000000  0.000000000000000 -0.000000000000000
 -0.090653237873749  0.000000000000000  0.000000000000000 -0.000000000000000
 -0.064526854413279 -0.000000000000000  0.000000000000000  0.000000000000000
 -0.000000000000000  0.000857023854265  0.003088717085325  0.000000000000000
  0.000000000000000  0.000000000000000  0.000000000000000 -0.000000000000000
  0.000000000000000  0.062514308124561  0.000000000000000 -0.000000000000000
  0.000000000000000  0.237780227656461 -0.000000000000000 -0.000000000000000
 -0.000000000000000  0.000000000000000  0.001188694271264 -0.001612149217448
  0.000000000000000  0.000000000000000  0.000000000000000 -0.000000000000000
 -0.129867449694113  0.000000000000000  0.000000000000000 -0.000000000000000
 -0.239801599643916 -0.000000000000000 -0.000000000000000 -0.000000000000000
  0.000000000000000  0.003418281212073 -0.009056679696594  0.097245369505908
 -0.101803410306833 -0.044356309584129  0.033710962079015 -0.177220690980011
 -1.735156949562137 -0.095516061202785  0.085564352176119 -0.335276442668081
  0.003814596281810  0.002111055582580 -0.005925651864391  0.000433766045442
  0.001288118296533 -0.000603817394607 -0.097245369505908  0.101803410306833
  0.044356309584129 -0.033710962079015 -0.177220690980011  1.735156949562137
  0.095516061202785 -0.085564352176119 -0.335276442668081 -0.003814596281810
 -0.002111055582580  0.005925651864391 -0.000433766045442  0.001288118296533
 -0.000603817394607  0.000000000000000  0.000000000000000  0.029689242722950
 -0.242638928991472 -0.029689242722950  0.242638928991472  0.043352140568530
  0.798768606515288  0.006641022508282  0.922721548303843  0.037636504213204
  0.781036402851020 -0.043352140568530 -0.798768606515288 -0.037636504213204
 -0.781036402851020 -0.006641022508282 -0.922721548303844
   28 Orbital Energy     0.177696 Occupation  0.000000 Symmetry Ap      
 -0.034076858341354  0.067407406880835 -0.053210952740853 -0.067269183829776
  0.000000000000000  0.413419510498793 -0.012525505334700 -0.145167000346424
 -0.000000000000000  0.004136807446957 -0.004930580436759  0.000793772989802
 -0.006877169161269 -0.000000000000000  0.000000000000000 -0.104784752553985
 -0.587610674970761 -0.006206002806859 -0.002131513704115  0.066031193910483
 -0.059630786011399 -0.000000000000000  0.157018717794007  0.280612921650427
 -0.302387964003384 -0.000000000000000 -0.008504808001034 -0.001454665746644
  0.009959473747678  0.011265482964575  0.000000000000000 -0.000000000000000
 -0.087162172246459  0.087936671779013 -0.019091435471745  0.147011850786420
  0.000000000000000  1.570095689313545 -0.012722349347327  0.249260874932686
  0.000000000000000 -0.006895343942699  0.002582633233114  0.004312710709585
 -0.012489055743002 -0.000000000000000  0.000000000000000  0.058250390592194
 -0.055860548173125 -0.150571588983031  0.112975416041425  0.010622044772857
 -1.119221002517507 -0.368171755947148  0.236801799805540  0.149137748356186
  0.000355857188108 -0.000938395024980  0.000582537836872  0.002848866085268
  0.000642534089684 -0.001156124874739  0.058250390592194 -0.055860548173125
 -0.150571588983031  0.112975416041425 -0.010622044772857 -1.119221002517507
 -0.368171755947148  0.236801799805540 -0.149137748356186  0.000355857188108
 -0.000938395024980  0.000582537836872  0.002848866085268 -0.000642534089684
  0.001156124874739 -0.076853277192628 -0.770542718484351  0.000275000305229
 -0.698382600041923  0.000275000305229 -0.698382600041923  0.025266108059562
  0.808176448775746  0.009544540996652 -0.050381266564661  0.013532179968540
  0.715844817007345  0.025266108059562  0.808176448775746  0.013532179968540
  0.715844817007345  0.009544540996652 -0.050381266564661
   29 Orbital Energy     0.202403 Occupation  0.000000 Symmetry App     
  0.000000000000000  0.000000000000000  0.000000000000000 -0.000000000000000
 -0.077293731768806  0.000000000000000  0.000000000000000 -0.000000000000000
 -0.072394074775284 -0.000000000000000 -0.000000000000000 -0.000000000000000
  0.000000000000000  0.009454458550443 -0.003004424513219  0.000000000000000
  0.000000000000000  0.000000000000000  0.000000000000000 -0.000000000000000
  0.000000000000000  0.042052972961210  0.000000000000000  0.000000000000000
 -0.000000000000000 -0.036071195755095  0.000000000000000 -0.000000000000000
  0.000000000000000  0.000000000000000 -0.017588946610725 -0.016488584492122
  0.000000000000000  0.000000000000000 -0.000000000000000  0.000000000000000
  0.039568166835190  0.000000000000000 -0.000000000000000  0.000000000000000
  0.073421132619296  0.000000000000000  0.000000000000000  0.000000000000000
 -0.000000000000000 -0.006822170845818  0.010043180457077  0.009329375970415
 -0.017677472803932 -0.252332662797128 -0.132634706589328  0.090851188720271
 -0.058955011142450 -0.832262025083951 -0.454648461677184  0.284597658458883
  0.013814850259489 -0.013767619728480 -0.000047230531008  0.005522177265599
  0.004111859614567 -0.001449441617428 -0.009329375970415  0.017677472803932
  0.252332662797128  0.132634706589328  0.090851188720271  0.058955011142450
  0.832262025083951  0.454648461677184  0.284597658458883 -0.013814850259489
  0.013767619728480  0.000047230531008 -0.005522177265599  0.004111859614567
 -0.001449441617428  0.000000000000000  0.000000000000000 -0.031725997249542
  0.051504243132077  0.031725997249542 -0.051504243132077  0.096863235995774
  1.300693620906515 -0.030719207512471 -0.582117733003017 -0.070665499508745
 -0.671527067388707 -0.096863235995774 -1.300693620906515  0.070665499508745
  0.671527067388707  0.030719207512471  0.582117733003017
   30 Orbital Energy     0.206419 Occupation  0.000000 Symmetry Ap      
 -0.016039269010877  0.026146779641671  0.048142727017697 -0.076485446151081
 -0.000000000000000  0.275114258405471  0.118001299720234 -0.102438809878208
 -0.000000000000000 -0.004112923456788  0.013179987214633 -0.009067063757845
  0.004724203142019  0.000000000000000 -0.000000000000000  0.014297347021972
 -0.199753050429179 -0.008597384540972 -0.000501756336691  0.074187615887797
  0.066165304436115 -0.000000000000000  0.269670899455684  0.392518275554822
  0.123996972423645 -0.000000000000000  0.012327030990086 -0.004210661051106
 -0.008116369938980 -0.019954547271161 -0.000000000000000  0.000000000000000
  0.007003221740309 -0.005994721106634 -0.381640211763464  0.063184629018351
  0.000000000000000 -0.089861223781618 -1.294056854253873  0.268417909554691
  0.000000000000000  0.010460576892065  0.005528435943465 -0.015989012835530
  0.004064834604210  0.000000000000000 -0.000000000000000  0.008707372420606
 -0.000938829866474  0.078400839063429  0.077701614486324 -0.033225918762018
 -0.279100788468335  0.293229010738459  0.136565010094367 -0.058539278797260
 -0.010069498971386 -0.003176163067553  0.013245662038939 -0.003035321680878
 -0.010105139680729  0.001426288675718  0.008707372420606 -0.000938829866474
  0.078400839063429  0.077701614486324  0.033225918762018 -0.279100788468335
  0.293229010738459  0.136565010094367  0.058539278797260 -0.010069498971386
 -0.003176163067553  0.013245662038939 -0.003035321680878  0.010105139680729
 -0.001426288675718  0.088461484184451  1.546117714621580 -0.053443342876801
 -0.866445591587104 -0.053443342876801 -0.866445591587104 -0.064228303723784
 -0.422220966817613  0.066786769484152  0.346151170936669  0.004790243311531
  0.355272788555455 -0.064228303723784 -0.422220966817613  0.004790243311531
  0.355272788555455  0.066786769484152  0.346151170936669
   31 Orbital Energy     0.221149 Occupation  0.000000 Symmetry Ap      
 -0.008908773437971  0.023954721420923  0.015292282754086 -0.060886107307620
 -0.000000000000000  0.066030979726131  0.011910551711325 -0.114814549435894
 -0.000000000000000 -0.009219169666691  0.005503042855111  0.003716126811581
 -0.007095131378168  0.000000000000000  0.000000000000000 -0.024543137199554
 -0.344840379867162  0.160671154578232 -0.147235636562640 -0.197152966034453
 -0.047536439496421  0.000000000000000 -3.284349154389751 -1.078252960775980
 -0.367930942845791  0.000000000000000 -0.000502352463899 -0.001792387824408
  0.002294740288306 -0.000771363705844 -0.000000000000000  0.000000000000000
 -0.066753549739683  0.027932783470791 -0.034285840595020 -0.082274957262835
 -0.000000000000000  1.439654359858669  0.130086360129530 -0.946958294166311
 -0.000000000000000  0.006683107708480 -0.022806585480619  0.016123477772139
  0.007545144314244 -0.000000000000000 -0.000000000000000 -0.058531079400151
  0.024410392724109 -0.018577633420194  0.078300966746755 -0.090069746669828
  1.215276432156100 -0.108553889429344  0.580368949611370 -0.889500486843417
  0.006136620715556  0.008880960396681 -0.015017581112237  0.000376868165806
 -0.009706824192993  0.020558708547243 -0.058531079400151  0.024410392724109
 -0.018577633420194  0.078300966746755  0.090069746669828  1.215276432156100
 -0.108553889429344  0.580368949611370  0.889500486843417  0.006136620715556
  0.008880960396681 -0.015017581112237  0.000376868165806  0.009706824192993
 -0.020558708547243  0.030808480094928 -0.151081597065516  0.010206394660184
 -0.199692508926146  0.010206394660184 -0.199692508926146  0.015166370851260
 -0.350459224941888  0.024687023351048 -0.020872519316056  0.025982745280724
  0.135513957675819  0.015166370851260 -0.350459224941888  0.025982745280724
  0.135513957675819  0.024687023351048 -0.020872519316056
&
&hess
   1
   1  3.386531E-01
   2  6.271972E-02  5.999511E-01
   3 -7.218727E-07 -3.062235E-06  6.301093E-02
   4 -4.706638E-02  9.360087E-03 -3.096105E-06  6.130916E-02
   5 -4.178457E-02 -4.898410E-01 -3.291881E-06  3.783971E-02  4.980234E-01
   6 -3.409406E-06 -1.713978E-07 -4.644927E-03 -6.633098E-06 -1.300414E-06
   7 -1.973736E-01 -4.283015E-02  3.132257E-06 -8.186125E-03  3.548366E-03
   8  7.474656E-03 -1.004709E-01  1.505005E-06 -4.736712E-02 -1.412317E-02
   9  1.183339E-04  7.513033E-07 -6.676228E-02  5.905099E-07  1.202519E-06
  10 -1.479471E-02 -4.758901E-02 -3.597977E-07 -7.651794E-03 -4.251157E-03
  11 -1.107317E-02 -1.845796E-02 -4.028191E-07 -8.868295E-04  8.606329E-04
  12  1.062624E-07  7.953905E-08  2.562919E-03 -4.159519E-08 -1.820631E-07
  13 -4.248211E-02  8.378154E-03 -3.314627E-02  1.207624E-03  1.647041E-03
  14 -1.041838E-02  3.940824E-03 -7.394504E-03 -1.410016E-03  2.619841E-03
  15 -5.214806E-03 -1.122965E-04  1.867294E-03 -2.624814E-04 -7.384997E-04
  16 -4.248769E-02  8.377327E-03  3.314739E-02  1.207803E-03  1.647229E-03
  17 -1.042004E-02  3.939892E-03  7.395670E-03 -1.410567E-03  2.620611E-03
  18  5.214314E-03  1.125083E-04  1.867099E-03  2.625517E-04  7.386447E-04
  19  1.377427E-03 -9.707848E-04  3.462921E-08  1.841047E-04 -4.182141E-05
  20 -1.152379E-03 -8.829418E-03  1.091181E-08 -2.166090E-03 -5.701105E-04
  21 -3.264536E-09 -6.973273E-08  5.225553E-04 -9.289265E-09  2.440984E-08
  22  7.933226E-04 -2.160196E-04  6.114328E-04  2.881355E-06  1.396497E-04
  23  4.290613E-04  2.632539E-03 -1.044842E-03  2.547852E-04  3.868659E-04
  24  7.286902E-04  1.246804E-05  3.378068E-04  2.182037E-04 -8.769338E-05
  25  7.935551E-04 -2.161142E-04 -6.117338E-04  2.897964E-06  1.397171E-04
  26  4.290717E-04  2.632483E-03  1.044721E-03  2.547603E-04  3.868080E-04
  27 -7.286736E-04 -1.260335E-05  3.375041E-04 -2.182218E-04  8.770018E-05
  28 -2.368533E-03  1.387038E-03 -4.770095E-03  4.304421E-04  6.386247E-04
  29  3.259220E-03  7.934188E-04  2.559622E-03  4.891359E-04 -2.037546E-04
  30 -6.972820E-03  1.865815E-03 -4.601811E-03  5.146423E-04  6.978932E-04
  31  1.933713E-03 -1.564380E-04  8.753685E-04 -6.671329E-05 -1.927512E-04
  32 -1.103765E-03 -3.326772E-04 -6.810263E-04  3.041234E-04 -1.922036E-04
  33  3.681504E-04  3.656027E-05  3.862791E-03  7.836898E-05 -1.157598E-04
  34  1.824624E-03  2.240004E-04  1.173801E-03 -8.584276E-04 -2.967260E-04
  35  3.682882E-04  2.484320E-03 -7.438725E-04  1.300843E-03 -1.930594E-04
  36  2.656865E-03 -9.585251E-04  1.134818E-03 -9.377505E-04 -6.030423E-04
  37 -2.369031E-03  1.387473E-03  4.770831E-03  4.305677E-04  6.387247E-04
  38  3.261089E-03  7.935926E-04 -2.561340E-03  4.892391E-04 -2.041056E-04
  39  6.974185E-03 -1.866041E-03 -4.602344E-03 -5.147146E-04 -6.979899E-04
  40  1.824898E-03  2.241128E-04 -1.173954E-03 -8.582223E-04 -2.968952E-04
  41  3.690271E-04  2.485216E-03  7.438396E-04  1.301456E-03 -1.934058E-04
  42 -2.656990E-03  9.586489E-04  1.134644E-03  9.376507E-04  6.030660E-04
  43  1.933970E-03 -1.565384E-04 -8.753969E-04 -6.676535E-05 -1.927813E-04
  44 -1.103602E-03 -3.327599E-04  6.807706E-04  3.041552E-04 -1.922381E-04
  45 -3.673600E-04 -3.638013E-05  3.863540E-03 -7.855465E-05  1.156744E-04
   6
   6  6.133761E-03
   7  1.609243E-06  4.732800E-01
   8 -2.668946E-07 -7.275950E-03  5.490703E-01
   9 -1.283231E-03  9.611702E-07 -9.210870E-07  5.106353E-01
  10 -1.450901E-07 -7.354793E-02  1.181574E-02  3.488055E-07  5.973706E-01
  11  2.728152E-07 -1.409416E-03 -1.949612E-01 -2.398018E-07 -5.097116E-04
  12 -3.592801E-04 -4.730290E-07  1.478568E-06 -7.957654E-02 -1.840953E-06
  13  3.304407E-04 -8.627985E-02  1.285560E-02 -2.944410E-02  2.195732E-03
  14 -2.148570E-03  2.027405E-02 -9.716508E-02  3.682512E-02  1.564981E-02
  15  2.320443E-04 -3.614025E-02  3.362752E-02 -1.576125E-01 -4.475521E-04
  16 -3.310295E-04 -8.627968E-02  1.285444E-02  2.943842E-02  2.196211E-03
  17  2.148438E-03  2.027435E-02 -9.717105E-02 -3.682417E-02  1.565117E-02
  18  2.322035E-04  3.614160E-02 -3.362233E-02 -1.576121E-01  4.474905E-04
  19 -7.557717E-08 -1.666771E-03  2.526169E-03 -2.198742E-08 -2.905718E-01
  20 -1.314136E-07 -3.128803E-02 -4.227217E-03 -1.543129E-07 -7.911228E-02
  21  7.889986E-04  2.152512E-07 -9.525851E-08 -2.629093E-03 -3.404253E-08
  22 -4.049784E-06 -1.435822E-03 -9.905222E-04  8.462441E-04 -1.064192E-01
  23 -1.999444E-04  1.751336E-02 -1.227178E-02  2.938011E-02  4.274657E-02
  24  8.696972E-05  9.224221E-05 -9.076907E-04 -1.116704E-03 -1.012258E-01
  25  4.114216E-06 -1.436393E-03 -9.907231E-04 -8.452895E-04 -1.064201E-01
  26  2.000096E-04  1.751373E-02 -1.227045E-02 -2.938021E-02  4.274696E-02
  27  8.701407E-05 -9.250595E-05  9.075043E-04 -1.116466E-03  1.012267E-01
  28  4.723742E-04 -1.248679E-02 -5.362904E-03  4.192797E-03 -1.328329E-04
  29  5.451495E-04  1.071702E-02  2.203244E-03 -2.008468E-03  4.842901E-04
  30 -2.963013E-05 -2.324777E-02 -1.024430E-02  2.954972E-03  1.025233E-04
  31 -1.672105E-04  5.454239E-03 -5.247447E-03 -1.285952E-02  2.080676E-04
  32 -3.629442E-04 -6.658604E-03  3.382453E-03  1.075494E-02 -8.228431E-04
  33 -5.318652E-04  1.563581E-02 -1.049440E-02 -2.402514E-02  6.113413E-04
  34 -9.168075E-04 -9.516519E-04  1.519262E-02  6.893418E-05 -1.325150E-03
  35  8.919443E-04 -2.880170E-03 -1.409038E-02 -1.598811E-03  1.871627E-03
  36  7.542731E-05  2.856496E-03  2.936030E-02 -3.469053E-04 -2.789370E-03
  37 -4.727575E-04 -1.248684E-02 -5.365277E-03 -4.195652E-03 -1.328421E-04
  38 -5.451109E-04  1.072082E-02  2.204744E-03  2.010403E-03  4.843303E-04
  39 -2.962345E-05  2.325203E-02  1.024581E-02  2.955775E-03 -1.024913E-04
  40  9.165491E-04 -9.516207E-04  1.519834E-02 -6.973160E-05 -1.325846E-03
  41 -8.922138E-04 -2.883376E-03 -1.409115E-02  1.603076E-03  1.872226E-03
  42  7.566142E-05 -2.857070E-03 -2.936870E-02 -3.460710E-04  2.790106E-03
  43  1.671733E-04  5.454675E-03 -5.247669E-03  1.286319E-02  2.080004E-04
  44  3.631932E-04 -6.660457E-03  3.383762E-03 -1.075772E-02 -8.229151E-04
  45 -5.321374E-04 -1.564014E-02  1.049797E-02 -2.402692E-02 -6.115239E-04
  11
  11  4.847652E-01
  12  1.387283E-06  5.920814E-01
  13  4.123387E-03 -3.938422E-04  5.696538E-01
  14 -1.848972E-02  3.012488E-02  1.618241E-02  5.685959E-01
  15  5.900855E-03 -2.271274E-03 -4.378834E-02  3.476327E-02  5.140670E-01
  16  4.123321E-03  3.932978E-04  9.949531E-03 -4.237445E-03 -9.674963E-03
  17 -1.849087E-02 -3.012629E-02 -4.237438E-03  4.843533E-03  1.011551E-02
  18 -5.900980E-03 -2.270912E-03  9.675432E-03 -1.011671E-02 -3.216082E-02
  19 -8.213317E-02  9.290233E-08 -1.594264E-04  2.594288E-04 -1.368971E-04
  20 -7.674664E-02  3.346230E-08 -5.715081E-04  6.680096E-04 -1.313951E-05
  21 -6.937561E-08 -4.832460E-02  3.478408E-04  3.736093E-04 -2.023862E-04
  22  4.428787E-02 -1.009957E-01  2.590465E-04  1.425728E-04  5.230171E-04
  23 -8.082555E-02  7.487142E-02 -1.332978E-03 -6.842776E-03 -1.519909E-03
  24  7.652659E-02 -2.273947E-01  4.575714E-04  5.771117E-04  9.786869E-04
  25  4.428784E-02  1.009945E-01 -3.302008E-04  1.765376E-04  3.198951E-04
  26 -8.082683E-02 -7.487049E-02  1.610104E-04  9.815416E-04 -1.581093E-03
  27 -7.652644E-02 -2.273943E-01 -5.873392E-04  6.962269E-04  8.182334E-04
  28 -4.604246E-04  4.506915E-04 -2.957570E-01 -6.723230E-02 -1.015937E-02
  29  7.806520E-06 -1.396330E-04 -6.821180E-02 -6.693043E-02 -2.305298E-03
  30 -4.726708E-04  6.656132E-04 -8.578490E-03 -1.922266E-03 -5.052734E-02
  31 -6.289220E-04  7.845370E-05 -1.077494E-01  4.424265E-02  1.034753E-01
  32  8.481202E-04  1.091091E-03  4.477422E-02 -8.301332E-02 -7.758726E-02
  33 -1.333833E-03  4.507829E-04  1.015140E-01 -7.698917E-02 -2.238287E-01
  34  6.677428E-04 -2.482264E-03 -4.948201E-02 -1.423300E-02  6.940381E-04
  35  6.713569E-04  3.386851E-03 -1.446477E-02 -3.089643E-01 -9.698510E-05
  36  9.642378E-04 -4.779450E-03 -2.923362E-04 -5.816977E-04 -4.902941E-02
  37 -4.604633E-04 -4.508022E-04  3.721199E-05 -1.331835E-04 -4.800636E-04
  38  7.906736E-06  1.396109E-04 -2.930231E-04  2.227353E-05  3.666997E-04
  39  4.726218E-04  6.656539E-04 -1.521026E-04  3.861339E-04  1.268556E-04
  40  6.679556E-04  2.483383E-03 -1.382660E-04 -3.646212E-04 -8.571899E-04
  41  6.714042E-04 -3.388037E-03  1.009486E-04  3.708499E-04  8.248724E-04
  42 -9.643512E-04 -4.780664E-03 -4.321190E-05 -1.415196E-03  1.344893E-03
  43 -6.288008E-04 -7.826986E-05 -1.103675E-03  8.405250E-04  2.182660E-03
  44  8.480958E-04 -1.091058E-03  1.082801E-03 -6.847036E-04 -1.732416E-03
  45  1.333827E-03  4.507885E-04  4.183974E-03 -3.360875E-03 -3.884959E-03
  16
  16  5.696824E-01
  17  1.617106E-02  5.686133E-01
  18  4.378696E-02 -3.475544E-02  5.140964E-01
  19 -1.596614E-04  2.594011E-04  1.368955E-04  3.138735E-01
  20 -5.716786E-04  6.679817E-04  1.307134E-05  8.879511E-02  8.245791E-02
  21 -3.480345E-04 -3.737177E-04 -2.023625E-04 -3.164717E-07 -2.100621E-06
  22 -3.303939E-04  1.765956E-04 -3.199124E-04 -1.234355E-02  1.195028E-02
  23  1.612588E-04  9.814738E-04  1.581310E-03 -4.454400E-03  3.634040E-03
  24  5.874761E-04 -6.963602E-04  8.180647E-04  1.553871E-03 -1.431870E-03
  25  2.588772E-04  1.428142E-04 -5.232995E-04 -1.234341E-02  1.195035E-02
  26 -1.333013E-03 -6.843158E-03  1.520152E-03 -4.454077E-03  3.633908E-03
  27 -4.576380E-04 -5.767960E-04  9.787034E-04 -1.553807E-03  1.431788E-03
  28  3.729206E-05 -1.332582E-04  4.800467E-04  5.462313E-04  6.997858E-04
  29 -2.934776E-04  2.217165E-05 -3.667924E-04  1.216901E-04 -5.283906E-04
  30  1.516118E-04 -3.862354E-04  1.265349E-04  8.754727E-05  6.373714E-04
  31 -1.103741E-03  8.403554E-04 -2.182772E-03 -4.318130E-05  8.922559E-05
  32  1.082486E-03 -6.846307E-04  1.732411E-03 -5.143415E-05 -5.262995E-05
  33 -4.183256E-03  3.360346E-03 -3.883925E-03 -8.224885E-05  2.381509E-05
  34 -1.381826E-04 -3.649222E-04  8.573816E-04  2.916263E-04  2.471944E-04
  35  1.007582E-04  3.710211E-04 -8.245182E-04 -5.269606E-05  3.307935E-04
  36  4.315896E-05  1.415696E-03  1.344409E-03  9.865538E-05 -2.964103E-04
  37 -2.957514E-01 -6.722748E-02  1.015911E-02  5.463499E-04  6.999007E-04
  38 -6.820493E-02 -6.694443E-02  2.303603E-03  1.215595E-04 -5.285505E-04
  39  8.578876E-03  1.921342E-03 -5.053515E-02 -8.757334E-05 -6.373972E-04
  40 -4.950632E-02 -1.422906E-02 -6.937493E-04  2.917330E-04  2.472704E-04
  41 -1.446245E-02 -3.089506E-01  9.561019E-05 -5.259483E-05  3.310113E-04
  42  2.927640E-04  5.810212E-04 -4.904955E-02 -9.869038E-05  2.964490E-04
  43 -1.077526E-01  4.424132E-02 -1.034701E-01 -4.316303E-05  8.923107E-05
  44  4.477110E-02 -8.302330E-02  7.757784E-02 -5.141471E-05 -5.265609E-05
  45 -1.015083E-01  7.698424E-02 -2.238280E-01  8.228169E-05 -2.379462E-05
  21
  21  4.774622E-02
  22 -2.544394E-02  1.107422E-01
  23 -1.026111E-02 -4.886567E-02  8.917128E-02
  24  1.334861E-03  1.109391E-01 -8.322032E-02  2.434936E-01
  25  2.544420E-02  7.836794E-03 -6.662664E-03 -1.330042E-02  1.107508E-01
  26  1.026084E-02 -6.662928E-03  4.046698E-03  9.574123E-03 -4.886894E-02
  27  1.334609E-03  1.330102E-02 -9.574049E-03 -1.967264E-02 -1.109377E-01
  28 -2.431589E-04  3.340225E-04  6.162891E-05  9.602574E-06 -6.179124E-05
  29  5.265277E-04 -1.921598E-04  1.387807E-04 -1.750392E-04  8.764585E-05
  30 -1.097527E-05  2.364779E-04 -3.060351E-04 -2.100341E-05  1.021242E-04
  31  1.390325E-04 -1.165176E-05 -2.214473E-04 -4.446278E-05  1.928724E-04
  32  4.800714E-05 -1.111517E-05  7.771146E-05 -2.703293E-04  4.553638E-04
  33 -7.329071E-06 -2.391533E-04 -6.377275E-05  4.350645E-04 -4.302969E-04
  34 -8.463959E-05  4.887070E-04  9.255677E-04 -2.303596E-04  2.764545E-05
  35 -1.811110E-04  2.353879E-05 -9.662425E-04  1.885362E-04 -1.633086E-04
  36 -7.744334E-05 -2.110442E-04  1.943312E-03  2.251845E-04 -2.630448E-04
  37  2.431686E-04 -6.187317E-05 -3.725293E-05  8.796808E-05  3.341923E-04
  38 -5.265328E-04  8.767376E-05 -2.691669E-05  1.123578E-05 -1.921787E-04
  39 -1.096968E-05 -1.021416E-04 -9.765257E-05 -2.101446E-05 -2.365182E-04
  40  8.463545E-05  2.773763E-05 -3.618975E-04  7.996553E-05  4.888025E-04
  41  1.812573E-04 -1.634979E-04  3.831118E-04  9.604560E-05  2.376952E-05
  42 -7.744528E-05  2.630625E-04 -1.352377E-04  1.081157E-04  2.112214E-04
  43 -1.390547E-04  1.929881E-04  5.892391E-05 -1.300903E-04 -1.161627E-05
  44 -4.798730E-05  4.552798E-04 -4.527634E-04 -1.724924E-04 -1.118917E-05
  45 -7.396278E-06  4.303043E-04 -1.261634E-03  3.240297E-04  2.391382E-04
  26
  26  8.917274E-02
  27  8.321659E-02  2.434860E-01
  28 -3.721007E-05 -8.790637E-05  3.205719E-01
  29 -2.688471E-05 -1.123522E-05  7.386412E-02  6.898848E-02
  30  9.767036E-05 -2.099121E-05  1.133900E-02  1.356533E-03  5.087874E-02
  31  5.893986E-05  1.300866E-04 -1.249411E-02  1.228408E-02  2.562215E-02
  32 -4.528517E-04  1.726085E-04 -4.121896E-03  2.687902E-03  8.745357E-03
  33  1.261400E-03  3.238817E-04 -1.801760E-03  1.643694E-03  2.607515E-03
  34 -3.617029E-04 -7.997695E-05  3.031997E-05 -3.258937E-02  2.085843E-05
  35  3.829020E-04 -9.601472E-05  4.367258E-04 -7.182526E-03 -2.034406E-04
  36  1.352001E-04  1.080252E-04  3.035413E-04 -1.395572E-03 -1.127516E-03
  37  6.161581E-05 -9.569281E-06  7.741267E-04  1.597767E-05  2.877554E-04
  38  1.387111E-04  1.750451E-04  1.586281E-05  3.189429E-04  3.861484E-05
  39  3.061107E-04 -2.101818E-05 -2.876789E-04 -3.870924E-05 -1.128289E-03
  40  9.259246E-04  2.304913E-04 -1.753267E-05 -1.643372E-04  1.188896E-06
  41 -9.666690E-04 -1.886274E-04  1.118850E-04 -1.083283E-05  3.156735E-05
  42 -1.943816E-03  2.252474E-04 -2.075815E-05 -9.003891E-07 -8.026225E-05
  43 -2.214869E-04  4.448705E-05  2.446686E-04  1.184242E-04  2.361979E-04
  44  7.773157E-05  2.702743E-04  1.577494E-04 -1.449735E-04  1.517546E-04
  45  6.368609E-05  4.350096E-04 -9.257953E-06 -1.269571E-04  4.043870E-04
  31
  31  1.124409E-01
  32 -4.969842E-02  8.677183E-02
  33 -1.107172E-01  8.228506E-02  2.442268E-01
  34  6.299134E-04  1.582374E-02 -1.145526E-03  4.939293E-02
  35 -1.428832E-03 -9.937677E-03  8.208168E-04  1.503375E-02  3.357805E-01
  36 -3.214391E-03 -2.687078E-02  1.148893E-03  1.804435E-03 -2.080876E-03
  37  2.446961E-04  1.577300E-04  9.321413E-06 -1.755217E-05  1.118324E-04
  38  1.183553E-04 -1.449965E-04  1.268627E-04 -1.643569E-04 -1.086026E-05
  39 -2.360312E-04 -1.517436E-04  4.042919E-04 -1.202570E-06 -3.152863E-05
  40 -1.513658E-04  7.268027E-05 -1.411710E-04  2.812818E-04 -1.923923E-04
  41  7.842381E-05  3.606801E-04  8.463749E-06 -1.923579E-04  7.684355E-04
  42  6.171725E-05  3.358123E-04  3.429381E-04  8.644222E-05  6.803866E-04
  43  6.708737E-04 -1.105814E-04  7.596531E-04 -1.513466E-04  7.843735E-05
  44 -1.105702E-04  7.672339E-04 -6.669464E-04  7.274794E-05  3.605974E-04
  45 -7.596869E-04  6.667840E-04 -1.707780E-03  1.412311E-04 -8.689321E-06
  36
  36  5.203242E-02
  37  2.076637E-05  3.205735E-01
  38  9.645249E-07  7.386124E-02  6.900916E-02
  39 -8.023205E-05 -1.134159E-02 -1.354405E-03  5.088173E-02
  40 -8.647885E-05  2.906459E-05 -3.260580E-02 -2.095151E-05  4.943517E-02
  41 -6.807551E-04  4.376572E-04 -7.185970E-03  2.038922E-04  1.502967E-02
  42 -8.194958E-04 -3.039530E-04  1.395765E-03 -1.127519E-03 -1.804747E-03
  43 -6.167718E-05 -1.249656E-02  1.228907E-02 -2.562775E-02  6.292974E-04
  44 -3.360306E-04 -4.124257E-03  2.687837E-03 -8.747172E-03  1.583199E-02
  45  3.430420E-04  1.802842E-03 -1.642775E-03  2.607263E-03  1.144524E-03
  41
  41  3.357749E-01
  42  2.078629E-03  5.205047E-02
  43 -1.429998E-03  3.214202E-03  1.124376E-01
  44 -9.941694E-03  2.688155E-02 -4.969996E-02  8.678601E-02
  45 -8.212144E-04  1.147775E-03  1.107184E-01 -8.228114E-02  2.442409E-01
&
&valid
version=1.0
geometry
atom_num=15
   8    -1.3675057325    -0.3336027485     0.0000000000
   1    -1.4345215414    -1.3020180908     0.0000000000
   6     0.0269276924     0.0036244188     0.0000000000
   6     0.0718483360     1.5300139664     0.0000000000
   6     0.6950448515    -0.5546039743     1.2604020116
   6     0.6950448515    -0.5546039743    -1.2604020116
   1     1.1077451118     1.8862717159     0.0000000000
   1    -0.4335662658     1.9253393247    -0.8880999028
   1    -0.4335662658     1.9253393247     0.8880999028
   1     1.7532200302    -0.2712206223     1.3087612804
   1     0.1897622176    -0.1744691511     2.1551439406
   1     0.6417918103    -1.6513277573     1.2746734994
   1     1.7532200302    -0.2712206223    -1.3087612804
   1     0.6417918103    -1.6513277573    -1.2746734994
   1     0.1897622176    -0.1744691511    -2.1551439406
end
molecule
molchg=0
multip=1
qs_cuts=   0    0    0
end
basis
name=6-31g*                          
numd=5
atom_basis_num=0
end
&
