MAEFILE: Na_l.01.mae
&gen 
dftname=b3pw91-d3 
basis=6-31g* 
numd=5 
ip11=2 
iaccg=3 
isolv=2 
ifreq=1 
molchg=1 
solvent=benzene 
esolv0=    -162.04139518951
nogas=1
&
&zmat
 Na1            0.0000000000            0.0000000000            0.0000000000
&
&guess  basgss=ps_6-31g* numd=5
    1 Orbital Energy   -38.566200 Occupation  1.000000 Symmetry S       
  0.997745593524896  0.009526446448358  0.000000000000000  0.000000000000000
  0.000000000000000 -0.001803647788289  0.000000000000000  0.000000000000000
  0.000000000000000  0.000695334069226  0.000000000000000  0.000000000000000
  0.000000000000000  0.000000000000000  0.000000000000000  0.000000000000000
  0.000000000000000  0.000000000000000  0.000000000000000
    2 Orbital Energy    -2.320420 Occupation  1.000000 Symmetry S       
 -0.246245484326478  1.027289416679161  0.000000000000000  0.000000000000000
  0.000000000000000  0.001846589102202  0.000000000000000  0.000000000000000
  0.000000000000000  0.000548518297596  0.000000000000000  0.000000000000000
  0.000000000000000  0.000000000000000  0.000000000000000  0.000000000000000
  0.000000000000000  0.000000000000000  0.000000000000000
    3 Orbital Energy    -1.247863 Occupation  1.000000 Symmetry Pz      
  0.000000000000000  0.000000000000000  0.000000000000000  0.000000000000000
  0.997293213563017  0.000000000000000  0.000000000000000  0.000000000000000
  0.015127282982992  0.000000000000000  0.000000000000000  0.000000000000000
 -0.003506589389263  0.000000000000000  0.000000000000000  0.000000000000000
  0.000000000000000  0.000000000000000  0.000000000000000
    4 Orbital Energy    -1.247862 Occupation  1.000000 Symmetry Px      
  0.000000000000000  0.000000000000000  0.997293290815119  0.000000000000000
  0.000000000000000  0.000000000000000  0.015126836370667  0.000000000000000
  0.000000000000000  0.000000000000000 -0.003506406683063  0.000000000000000
  0.000000000000000  0.000000000000000  0.000000000000000  0.000000000000000
  0.000000000000000  0.000000000000000  0.000000000000000
    5 Orbital Energy    -1.247861 Occupation  1.000000 Symmetry Py      
  0.000000000000000  0.000000000000000  0.000000000000000  0.997293404128768
  0.000000000000000  0.000000000000000  0.000000000000000  0.015126184626914
  0.000000000000000  0.000000000000000  0.000000000000000 -0.003506149115176
  0.000000000000000  0.000000000000000  0.000000000000000  0.000000000000000
  0.000000000000000  0.000000000000000  0.000000000000000
    6 Orbital Energy    -0.089491 Occupation  0.000000 Symmetry S       
 -0.034000913864088  0.198349959074888  0.000000000000000  0.000000000000000
  0.000000000000000 -0.370410192738224  0.000000000000000  0.000000000000000
  0.000000000000000 -0.677763443634349  0.000000000000000  0.000000000000000
  0.000000000000000  0.000000000000000  0.000000000000000  0.000000000000000
  0.000000000000000  0.000000000000000  0.000000000000000
    7 Orbital Energy    -0.025246 Occupation  0.000000 Symmetry Pz      
  0.000000000000000  0.000000000000000  0.000000000000000  0.000000000000000
 -0.084645092921729  0.000000000000000  0.000000000000000  0.000000000000000
  0.133144011271569  0.000000000000000  0.000000000000000  0.000000000000000
  0.908494743097284  0.000000000000000  0.000000000000000  0.000000000000000
  0.000000000000000  0.000000000000000  0.000000000000000
    8 Orbital Energy    -0.025245 Occupation  0.000000 Symmetry Px      
  0.000000000000000  0.000000000000000 -0.084643089200912  0.000000000000000
  0.000000000000000  0.000000000000000  0.133131790222548  0.000000000000000
  0.000000000000000  0.000000000000000  0.908503724210784  0.000000000000000
  0.000000000000000  0.000000000000000  0.000000000000000  0.000000000000000
  0.000000000000000  0.000000000000000  0.000000000000000
    9 Orbital Energy    -0.025243 Occupation  0.000000 Symmetry Py      
  0.000000000000000  0.000000000000000  0.000000000000000 -0.084640318253835
  0.000000000000000  0.000000000000000  0.000000000000000  0.133115021412971
  0.000000000000000  0.000000000000000  0.000000000000000  0.908516047457650
  0.000000000000000  0.000000000000000  0.000000000000000  0.000000000000000
  0.000000000000000  0.000000000000000  0.000000000000000
   10 Orbital Energy     0.066074 Occupation  0.000000 Symmetry S       
  0.029151087526783  0.038615319659959  0.000000000000000  0.000000000000000
  0.000000000000000  2.043416510722924  0.000000000000000  0.000000000000000
  0.000000000000000 -1.973613337678139  0.000000000000000  0.000000000000000
  0.000000000000000  0.000000000000000  0.000000000000000  0.000000000000000
  0.000000000000000  0.000000000000000  0.000000000000000
   11 Orbital Energy     0.108338 Occupation  0.000000 Symmetry Pz      
  0.000000000000000  0.000000000000000  0.000000000000000  0.000000000000000
  0.208944842851178  0.000000000000000  0.000000000000000  0.000000000000000
 -1.373432283798357  0.000000000000000  0.000000000000000  0.000000000000000
  1.009201040964638  0.000000000000000  0.000000000000000  0.000000000000000
  0.000000000000000  0.000000000000000  0.000000000000000
   12 Orbital Energy     0.108340 Occupation  0.000000 Symmetry Px      
  0.000000000000000  0.000000000000000  0.208945285839045  0.000000000000000
  0.000000000000000  0.000000000000000 -1.373433473401991  0.000000000000000
  0.000000000000000  0.000000000000000  1.009192956622252  0.000000000000000
  0.000000000000000  0.000000000000000  0.000000000000000  0.000000000000000
  0.000000000000000  0.000000000000000  0.000000000000000
   13 Orbital Energy     0.108344 Occupation  0.000000 Symmetry Py      
  0.000000000000000  0.000000000000000  0.000000000000000  0.208945867477263
  0.000000000000000  0.000000000000000  0.000000000000000 -1.373435105937066
  0.000000000000000  0.000000000000000  0.000000000000000  1.009181863649444
  0.000000000000000  0.000000000000000  0.000000000000000  0.000000000000000
  0.000000000000000  0.000000000000000  0.000000000000000
   14 Orbital Energy     0.336669 Occupation  0.000000 Symmetry Dxz     
  0.000000000000000  0.000000000000000  0.000000000000000  0.000000000000000
  0.000000000000000  0.000000000000000  0.000000000000000  0.000000000000000
  0.000000000000000  0.000000000000000  0.000000000000000  0.000000000000000
  0.000000000000000  0.000000000000000  0.000000000000000  0.000000000000000
  0.000000000000000  1.000000000000000  0.000000000000000
   15 Orbital Energy     0.336675 Occupation  0.000000 Symmetry Dyz     
  0.000000000000000  0.000000000000000  0.000000000000000  0.000000000000000
  0.000000000000000  0.000000000000000  0.000000000000000  0.000000000000000
  0.000000000000000  0.000000000000000  0.000000000000000  0.000000000000000
  0.000000000000000  0.000000000000000  0.000000000000000  0.000000000000000
  0.000000000000000  0.000000000000000  1.000000000000000
&
&valid
version=1.0
geometry
atom_num=1
  11     0.0000000000     0.0000000000     0.0000000000
end
molecule
molchg=1
multip=1
qs_cuts=   0    0    0
end
basis
name=ps_6-31g*                       
numd=5
atom_basis_num=0
end
&
