MAEFILE: NaBr_freq.01.mae
&gen 
dftname=b3pw91-d3 
basis=6-31g* 
numd=5 
ip11=2 
iaccg=3 
isolv=2 
ifreq=1 
solvent=benzene 
esolv0=    -175.51709172308
nogas=1
&
&zmat
 Br1            0.0000000000            0.0000000000            -0.6152192388
 Na2            0.0000000000            0.0000000000             2.1118993493
&
&atomic 
atom basis
Br1 lacv3p*
&
&guess_basis basis=6-31g* numd=5
Br1      lav3p*                          
&
&guess  basgss=non_standard numd=5
    1 Orbital Energy   -38.476729 Occupation  1.000000 Symmetry A1/Sig+ 
  0.000387448443044 -0.000698796937593  0.000709930609539  0.000000000000000
  0.000000000000000  0.000098444089943  0.000000000000000  0.000000000000000
  0.000285043672932  0.997739011910423  0.009547293996619  0.000000000000000
  0.000000000000000  0.000013887057686 -0.002019810758688  0.000000000000000
  0.000000000000000  0.000336642131860  0.000660414838324  0.000000000000000
  0.000000000000000  0.000005785317338  0.000119006337912  0.000119006337912
 -0.000238012675824  0.000000000000000  0.000000000000000  0.000000000000000
    2 Orbital Energy    -2.235803 Occupation  1.000000 Symmetry A1/Sig+ 
  0.000889384186961 -0.001103707417838  0.000036599161149  0.000000000000000
  0.000000000000000 -0.000221736079777  0.000000000000000  0.000000000000000
 -0.000533192337240  0.246205606365201 -1.027095408530680  0.000000000000000
  0.000000000000000 -0.009224559723518 -0.002857255936984  0.000000000000000
  0.000000000000000 -0.000167302457620 -0.000196658408171  0.000000000000000
  0.000000000000000  0.000215797728918  0.000105478581490  0.000105478581490
 -0.000210957162980  0.000000000000000  0.000000000000000  0.000000000000000
    3 Orbital Energy    -1.163713 Occupation  1.000000 Symmetry E1/Pi1  
  0.000000000000000  0.000000000000000  0.000000000000000  0.000283543263208
  0.000000000000000  0.000000000000000  0.000520145290756  0.000000000000000
  0.000000000000000  0.000000000000000  0.000000000000000  0.996832058266250
  0.000000000000000  0.000000000000000  0.000000000000000  0.017678540436698
  0.000000000000000  0.000000000000000  0.000000000000000 -0.004440257210127
  0.000000000000000  0.000000000000000  0.000000000000000  0.000000000000000
  0.000000000000000  0.000000000000000  0.001174374117016  0.000000000000000
    4 Orbital Energy    -1.163713 Occupation  1.000000 Symmetry E1/Pi2  
  0.000000000000000  0.000000000000000  0.000000000000000  0.000000000000000
  0.000283543263208  0.000000000000000  0.000000000000000  0.000520145290756
  0.000000000000000  0.000000000000000  0.000000000000000  0.000000000000000
  0.996832058266250  0.000000000000000  0.000000000000000  0.000000000000000
  0.017678540436698  0.000000000000000  0.000000000000000  0.000000000000000
 -0.004440257210128  0.000000000000000  0.000000000000000  0.000000000000000
  0.000000000000000  0.000000000000000  0.000000000000000  0.001174374117016
    5 Orbital Energy    -1.162700 Occupation  1.000000 Symmetry A1/Sig+ 
  0.006731604403347 -0.005957674143203 -0.007629437335843  0.000000000000000
  0.000000000000000 -0.004585694010288  0.000000000000000  0.000000000000000
 -0.002176253213994  0.002192948422128 -0.009247210820816  0.000000000000000
  0.000000000000000  0.996102200552105  0.000511227999212  0.000000000000000
  0.000000000000000  0.018961380599426  0.000069890788516  0.000000000000000
  0.000000000000000 -0.004953067188474 -0.000278191676661 -0.000278191676661
  0.000556383353322  0.000000000000000  0.000000000000000  0.000000000000000
    6 Orbital Energy    -0.650194 Occupation  1.000000 Symmetry A1/Sig+ 
  0.850666334651856 -0.936283755043043 -0.760389481602653  0.000000000000000
  0.000000000000000 -0.020627244148931  0.000000000000000  0.000000000000000
 -0.001992137415154 -0.003285849904205  0.016784822066419  0.000000000000000
  0.000000000000000 -0.032588557604470 -0.019315170800827  0.000000000000000
  0.000000000000000  0.019856431368347 -0.013335820381535  0.000000000000000
  0.000000000000000  0.012111333049499  0.005379050884062  0.005379050884062
 -0.010758101768125  0.000000000000000  0.000000000000000  0.000000000000000
    7 Orbital Energy    -0.238321 Occupation  1.000000 Symmetry A1/Sig+ 
  0.055551382930263 -0.058531053397103 -0.080867483156512  0.000000000000000
  0.000000000000000  0.496123768093047  0.000000000000000  0.000000000000000
  0.513415221739951  0.012763502670427 -0.066713276651812  0.000000000000000
  0.000000000000000  0.067383680941190  0.149093233068146  0.000000000000000
  0.000000000000000 -0.083722522194573 -0.017430335549030  0.000000000000000
  0.000000000000000  0.031647503314529 -0.013525943454903 -0.013525943454903
  0.027051886909807  0.000000000000000  0.000000000000000  0.000000000000000
    8 Orbital Energy    -0.224516 Occupation  1.000000 Symmetry E1/Pi1  
  0.000000000000000  0.000000000000000  0.000000000000000 -0.502219090490758
  0.000000000000000  0.000000000000000 -0.567391520902286  0.000000000000000
  0.000000000000000  0.000000000000000  0.000000000000000  0.020388880641079
  0.000000000000000  0.000000000000000  0.000000000000000 -0.028537181073354
  0.000000000000000  0.000000000000000  0.000000000000000 -0.044656619638349
  0.000000000000000  0.000000000000000  0.000000000000000  0.000000000000000
  0.000000000000000  0.000000000000000  0.021594245147282  0.000000000000000
    9 Orbital Energy    -0.224516 Occupation  1.000000 Symmetry E1/Pi2  
  0.000000000000000  0.000000000000000  0.000000000000000  0.000000000000000
 -0.502219090490759  0.000000000000000  0.000000000000000 -0.567391520902285
  0.000000000000000  0.000000000000000  0.000000000000000  0.000000000000000
  0.020388880641079  0.000000000000000  0.000000000000000  0.000000000000000
 -0.028537181073354  0.000000000000000  0.000000000000000  0.000000000000000
 -0.044656619638349  0.000000000000000  0.000000000000000  0.000000000000000
  0.000000000000000  0.000000000000000  0.000000000000000  0.021594245147282
   10 Orbital Energy    -0.030002 Occupation  0.000000 Symmetry A1/Sig+ 
  0.090902153958459 -0.101407989575753 -0.136165059774783  0.000000000000000
  0.000000000000000 -0.094665615674201  0.000000000000000  0.000000000000000
 -0.138903889494029  0.027850259853064 -0.184194876189373  0.000000000000000
  0.000000000000000 -0.047659996366419  0.140153749719713  0.000000000000000
  0.000000000000000  0.081596989049173  0.873878294369396  0.000000000000000
  0.000000000000000  0.213727592474474 -0.001213856632560 -0.001213856632560
  0.002427713265120  0.000000000000000  0.000000000000000  0.000000000000000
   11 Orbital Energy     0.020981 Occupation  0.000000 Symmetry E1/Pi1  
  0.000000000000000  0.000000000000000  0.000000000000000 -0.097240030493016
  0.000000000000000  0.000000000000000 -0.177758129319178  0.000000000000000
  0.000000000000000  0.000000000000000  0.000000000000000 -0.070105266927156
  0.000000000000000  0.000000000000000  0.000000000000000  0.046129813776872
  0.000000000000000  0.000000000000000  0.000000000000000  0.991947367976765
  0.000000000000000  0.000000000000000  0.000000000000000  0.000000000000000
  0.000000000000000  0.000000000000000  0.007579836105911  0.000000000000000
   12 Orbital Energy     0.020981 Occupation  0.000000 Symmetry E1/Pi2  
  0.000000000000000  0.000000000000000  0.000000000000000  0.000000000000000
 -0.097240030493015  0.000000000000000  0.000000000000000 -0.177758129319176
  0.000000000000000  0.000000000000000  0.000000000000000  0.000000000000000
 -0.070105266927152  0.000000000000000  0.000000000000000  0.000000000000000
  0.046129813776854  0.000000000000000  0.000000000000000  0.000000000000000
  0.991947367976778  0.000000000000000  0.000000000000000  0.000000000000000
  0.000000000000000  0.000000000000000  0.000000000000000  0.007579836105912
   13 Orbital Energy     0.034125 Occupation  0.000000 Symmetry A1/Sig+ 
 -0.211581730002272  0.218829433429126  0.460039925565871  0.000000000000000
  0.000000000000000  0.050006231744187  0.000000000000000  0.000000000000000
  0.007089140979423 -0.008118792834402  0.066411686983693  0.000000000000000
  0.000000000000000 -0.034069558958012  0.049725010543937  0.000000000000000
  0.000000000000000 -0.139002554398075 -0.411029536761977  0.000000000000000
  0.000000000000000  1.146319252499186 -0.025476724720923 -0.025476724720923
  0.050953449441846  0.000000000000000  0.000000000000000  0.000000000000000
   14 Orbital Energy     0.112783 Occupation  0.000000 Symmetry A1/Sig+ 
  0.015659767295248 -0.013025478361072 -0.076029585340605  0.000000000000000
  0.000000000000000  0.076400702160352  0.000000000000000  0.000000000000000
  0.113039289697103 -0.030276501137331 -0.027288251648711  0.000000000000000
  0.000000000000000  0.068549878100175 -2.021240886014885  0.000000000000000
  0.000000000000000 -0.368895463177046  1.855390059560938  0.000000000000000
  0.000000000000000  0.232624381842759  0.013330259307371  0.013330259307371
 -0.026660518614742  0.000000000000000  0.000000000000000  0.000000000000000
   15 Orbital Energy     0.154988 Occupation  0.000000 Symmetry E1/Pi2  
  0.000000000000000  0.000000000000000  0.000000000000000  0.000000000000000
  0.037033094560807  0.000000000000000  0.000000000000000  0.055393680583627
  0.000000000000000  0.000000000000000  0.000000000000000  0.000000000000000
  0.216104354942568  0.000000000000000  0.000000000000000  0.000000000000000
 -1.382582559615859  0.000000000000000  0.000000000000000  0.000000000000000
  0.937473721734943  0.000000000000000  0.000000000000000  0.000000000000000
  0.000000000000000  0.000000000000000  0.000000000000000  0.018393871124812
   16 Orbital Energy     0.154988 Occupation  0.000000 Symmetry E1/Pi1  
  0.000000000000000  0.000000000000000  0.000000000000000  0.037033094560804
  0.000000000000000  0.000000000000000  0.055393680583627  0.000000000000000
  0.000000000000000  0.000000000000000  0.000000000000000  0.216104354942567
  0.000000000000000  0.000000000000000  0.000000000000000 -1.382582559615859
  0.000000000000000  0.000000000000000  0.000000000000000  0.937473721734957
  0.000000000000000  0.000000000000000  0.000000000000000  0.000000000000000
  0.000000000000000  0.000000000000000  0.018393871124813  0.000000000000000
   17 Orbital Energy     0.193949 Occupation  0.000000 Symmetry A1/Sig+ 
 -0.132441924175094  0.136962283621730  0.281036474495939  0.000000000000000
  0.000000000000000  0.161828742908920  0.000000000000000  0.000000000000000
  0.589849359988291 -0.013561584192933 -0.003567868361769  0.000000000000000
  0.000000000000000 -0.207357039642420 -0.893638941883121  0.000000000000000
  0.000000000000000  1.599009106365229  0.527902721932106  0.000000000000000
  0.000000000000000 -0.868757282640901 -0.025428562453492 -0.025428562453492
  0.050857124906983  0.000000000000000  0.000000000000000  0.000000000000000
   18 Orbital Energy     0.385402 Occupation  0.000000 Symmetry E1/Pi1  
  0.000000000000000  0.000000000000000  0.000000000000000 -0.279227749783618
  0.000000000000000  0.000000000000000  0.051817566510544  0.000000000000000
  0.000000000000000  0.000000000000000  0.000000000000000  0.002378990527722
  0.000000000000000  0.000000000000000  0.000000000000000 -0.018542881065117
  0.000000000000000  0.000000000000000  0.000000000000000  0.030791726474988
  0.000000000000000  0.000000000000000  0.000000000000000  0.000000000000000
  0.000000000000000  0.000000000000000 -0.980838229932597  0.000000000000000
   19 Orbital Energy     0.385402 Occupation  0.000000 Symmetry E1/Pi2  
  0.000000000000000  0.000000000000000  0.000000000000000  0.000000000000000
 -0.279227749783618  0.000000000000000  0.000000000000000  0.051817566510544
  0.000000000000000  0.000000000000000  0.000000000000000  0.000000000000000
  0.002378990527722  0.000000000000000  0.000000000000000  0.000000000000000
 -0.018542881065117  0.000000000000000  0.000000000000000  0.000000000000000
  0.030791726474989  0.000000000000000  0.000000000000000  0.000000000000000
  0.000000000000000  0.000000000000000  0.000000000000000 -0.980838229932598
&
&hess
   1
   1  5.462862E-03
   2  4.621453E-07  5.442370E-03
   3  3.381760E-06  1.362345E-06  3.102275E-02
   4 -2.489104E-03 -1.980627E-08 -1.060458E-06 -8.514883E-04
   5 -2.033586E-08 -2.494125E-03  8.956912E-07  1.024869E-05 -5.368770E-04
   6 -4.651815E-07  7.997617E-07 -2.597043E-02  3.336412E-06  1.708431E-05
   6
   6  3.000689E-02
&
&valid
version=1.0
geometry
atom_num=2
  35     0.0000000000     0.0000000000    -0.6152192388
  11     0.0000000000     0.0000000000     2.1118993493
end
molecule
molchg=0
multip=1
qs_cuts=   0    0    0
end
basis
name=6-31g*                          
numd=5
atom_basis_num=1
    1 lacv3p*                         
end
&
