MAEFILE: NaOtBu_freq.01.mae
&gen 
dftname=b3pw91-d3 
basis=6-31g* 
numd=5 
ip11=2 
iaccg=3 
isolv=2 
ifreq=1 
solvent=benzene 
esolv0=    -395.25759555973
nogas=1
&
&zmat
 O1             -0.1063762476             0.6379791819             0.0000000000
 Na2            -1.5287805839             2.1213769387             0.0000000000
 C3              0.4553248555            -0.6127303484             0.0000000000
 C4              2.0009121287            -0.5218594305             0.0000000000
 C5              0.0283231704            -1.4218605381             1.2491709483
 C6              0.0283231704            -1.4218605381            -1.2491709483
 H7              2.4862972281            -1.5091504137             0.0000000000
 H8              2.3402336369             0.0269911360            -0.8876414420
 H9              2.3402336369             0.0269911360             0.8876414420
 H10             0.4759641041            -2.4258229271             1.2822439376
 H11             0.3251459746            -0.8849383817             2.1588157291
 H12            -1.0638799249            -1.5353698717             1.2621891251
 H13             0.4759641041            -2.4258229271            -1.2822439376
 H14            -1.0638799249            -1.5353698717            -1.2621891251
 H15             0.3251459746            -0.8849383817            -2.1588157291
&
&guess  basgss=6-31g* numd=5
    1 Orbital Energy   -38.430926 Occupation  1.000000 Symmetry Ap      
  0.000037726962476  0.000344728967476  0.000244671481560 -0.000248581391879
 -0.000000000000000 -0.001917192524205 -0.001100836979004  0.001518150227513
  0.000000000000000  0.000069632425564 -0.000160442787056  0.000090810361491
  0.000128819029390  0.000000000000000 -0.000000000000000 -0.997731839353104
 -0.009660177005985 -0.000014686724630  0.000008613975209 -0.000000000000000
  0.001273986063407 -0.000306490833658  0.000298191881706  0.000000000000000
 -0.000372145711936  0.000146706517353 -0.000189855578536 -0.000000000000000
 -0.000070130098312 -0.000027206177158  0.000097336275471  0.000170148372810
  0.000000000000000  0.000000000000000 -0.000057957884392 -0.000221178296587
 -0.000213646686183  0.000307506252392  0.000000000000000  0.003098668102203
  0.000110620996545  0.001254425932004  0.000000000000000 -0.000048914601295
  0.000191542070259 -0.000142627468964 -0.000144927000862 -0.000000000000000
 -0.000000000000000  0.000011009544451  0.000027547381974  0.000086737797539
 -0.000025424760375  0.000000000000000 -0.000835898535875  0.000430406488098
 -0.000134326490718  0.000000000000000 -0.000042565278666  0.000045016045429
 -0.000002450766763  0.000032217889796 -0.000000000000000  0.000000000000000
  0.000004686083885  0.000012731798564 -0.000016592417043  0.000000373310248
  0.000021598082872 -0.000204917165730 -0.000016049892958 -0.000384709896251
  0.000043301548422  0.000005133516451 -0.000012979763096  0.000007846246645
 -0.000043435914453 -0.000006260502251  0.000021910847089  0.000004686083885
  0.000012731798564 -0.000016592417043  0.000000373310248 -0.000021598082872
 -0.000204917165730 -0.000016049892958 -0.000384709896251 -0.000043301548422
  0.000005133516451 -0.000012979763096  0.000007846246645 -0.000043435914453
  0.000006260502251 -0.000021910847089 -0.000001856497073  0.000038230956758
  0.000041157452768 -0.000031479389101  0.000041157452768 -0.000031479389101
 -0.000025857177067 -0.000097017662120  0.000051587091005  0.000000169362737
  0.000047572346866 -0.000098251936935 -0.000025857177067 -0.000097017662120
  0.000047572346866 -0.000098251936935  0.000051587091005  0.000000169362737
    2 Orbital Energy   -18.999783 Occupation  1.000000 Symmetry Ap      
  0.995206498319410  0.029615443000894  0.000363786043555 -0.001201822113864
 -0.000000000000000 -0.021287955112027 -0.001372278419943  0.004600641679260
  0.000000000000000  0.000119087935909 -0.000519287263729  0.000400199327819
  0.000527898085382  0.000000000000000  0.000000000000000  0.000015773120563
 -0.000014165313454 -0.000038184021937  0.000027015090483 -0.000000000000000
  0.001710954665635  0.001396818804336 -0.001700999113649 -0.000000000000000
 -0.000387395476670 -0.000288754165045  0.000361983994579  0.000000000000000
  0.000077617310239  0.000587752120362 -0.000665369430601 -0.001195691553301
 -0.000000000000000 -0.000000000000000 -0.000154826008913 -0.001618113526286
 -0.000213698887005  0.000415501853354  0.000000000000000  0.012882008230011
 -0.003071469527426  0.006471490178964  0.000000000000000  0.000014351269038
 -0.000000224691090 -0.000014126577948 -0.000059459922122 -0.000000000000000
 -0.000000000000000  0.000019605036437 -0.000167653081165  0.000368041087624
 -0.000158409969363  0.000000000000000 -0.001223109393810  0.000638108323183
 -0.000969582048388 -0.000000000000000 -0.000173886274262  0.000241919150744
 -0.000068032876482  0.000236894499414 -0.000000000000000  0.000000000000000
  0.000016312856860 -0.000213573814496  0.000001144568278 -0.000293327207398
  0.000231291964675 -0.001057904341097  0.000361003671327 -0.001266508634870
  0.000236956506694  0.000080431573661 -0.000094893041803  0.000014461468141
 -0.000138508920217 -0.000182754872691  0.000241089758304  0.000016312856860
 -0.000213573814496  0.000001144568278 -0.000293327207398 -0.000231291964675
 -0.001057904341097  0.000361003671327 -0.001266508634870 -0.000236956506694
  0.000080431573661 -0.000094893041803  0.000014461468141 -0.000138508920217
  0.000182754872691 -0.000241089758304 -0.000119756428076  0.000121009155500
  0.000059092449450  0.000082718427683  0.000059092449450  0.000082718427683
 -0.000145890574188  0.000009391630702  0.000078092156691  0.000020941076332
  0.000112154367525 -0.000171173567614 -0.000145890574188  0.000009391630702
  0.000112154367525 -0.000171173567614  0.000078092156691  0.000020941076332
    3 Orbital Energy   -10.169151 Occupation  1.000000 Symmetry Ap      
 -0.000042690618225  0.000192790689534  0.000164346522542 -0.000355319328228
 -0.000000000000000 -0.002338766486610  0.000253019856447 -0.000594519044969
 -0.000000000000000 -0.000406479485112  0.001251818285650 -0.000845338800538
 -0.001086970549990 -0.000000000000000 -0.000000000000000 -0.000008668071430
  0.000101329616940  0.000041359034158 -0.000060263798018 -0.000000000000000
  0.000415221404876  0.000233529896081 -0.000107700498845  0.000000000000000
 -0.000351489697364 -0.000182071901492  0.000192562469286  0.000000000000000
  0.000101786174319 -0.000101594983492 -0.000000191190827 -0.000064680752011
  0.000000000000000 -0.000000000000000 -0.995662986851384 -0.039042421627346
  0.000161155648615 -0.000367089186273 -0.000000000000000  0.039196332724867
  0.002289329003772 -0.004983236738052 -0.000000000000000  0.000198593657003
 -0.000596815772704  0.000398222115702  0.000516523475619  0.000000000000000
  0.000000000000000 -0.001222535798263  0.001079138717519 -0.000102567960219
  0.000162427331279  0.000000000000000 -0.010143682980279  0.004652193801290
  0.000336925125579  0.000000000000000  0.000747944961480 -0.000432891079967
 -0.000315053881513 -0.000041251259281  0.000000000000000 -0.000000000000000
 -0.001246350190243  0.001080509325194 -0.000072744535539  0.000188829044908
 -0.000024525184274 -0.010130238821997 -0.001290506784593 -0.002427349172060
  0.003762277925400 -0.000301370449490 -0.000009456312068  0.000310826761557
  0.000217915302712 -0.000186418212561 -0.000599999922459 -0.001246350190243
  0.001080509325194 -0.000072744535539  0.000188829044908  0.000024525184274
 -0.010130238821997 -0.001290506784593 -0.002427349172060 -0.003762277925400
 -0.000301370449490 -0.000009456312068  0.000310826761557  0.000217915302712
  0.000186418212561  0.000599999922459  0.000442739080027 -0.000084259968215
  0.000475880945835  0.000212693367528  0.000475880945835  0.000212693367528
  0.000435813525463 -0.000108589742902  0.000479707651656  0.000226257424105
  0.000473739495649  0.000246217236236  0.000435813525463 -0.000108589742902
  0.000473739495649  0.000246217236236  0.000479707651656  0.000226257424105
    4 Orbital Energy   -10.115283 Occupation  1.000000 Symmetry App     
  0.000000000000000  0.000000000000000 -0.000000000000000 -0.000000000000000
 -0.000171153248374  0.000000000000000  0.000000000000000  0.000000000000000
  0.000508518436326 -0.000000000000000 -0.000000000000000 -0.000000000000000
 -0.000000000000000 -0.000192838232546 -0.000272018574665  0.000000000000000
  0.000000000000000 -0.000000000000000 -0.000000000000000 -0.000016579935953
  0.000000000000000  0.000000000000000  0.000000000000000  0.000102867621965
  0.000000000000000 -0.000000000000000 -0.000000000000000 -0.000318963069682
 -0.000000000000000  0.000000000000000  0.000000000000000 -0.000000000000000
 -0.000086456141224  0.000078746517680  0.000000000000000  0.000000000000000
 -0.000000000000000 -0.000000000000000 -0.000252316389895  0.000000000000000
  0.000000000000000  0.000000000000000  0.002875477367402  0.000000000000000
  0.000000000000000  0.000000000000000  0.000000000000000  0.000444598146230
  0.000828362602272  0.000000000000000  0.000000000000000 -0.000000000000000
 -0.000000000000000 -0.000281266699213  0.000000000000000  0.000000000000000
  0.000000000000000  0.002010796539667 -0.000000000000000 -0.000000000000000
 -0.000000000000000 -0.000000000000000 -0.000145393420817 -0.000109859652613
  0.703876556585759  0.026841730284669  0.000018689956098 -0.000076694847510
 -0.000270186290428 -0.023279182716493  0.000011589030095  0.000471749510592
  0.001713988052491  0.000052941822979  0.000055180924982 -0.000108122747961
 -0.000002691207699 -0.000004406113897 -0.000038561879628 -0.703876556585759
 -0.026841730284669 -0.000018689956098  0.000076694847510 -0.000270186290428
  0.023279182716493 -0.000011589030095 -0.000471749510592  0.001713988052491
 -0.000052941822979 -0.000055180924982  0.000108122747961  0.000002691207699
 -0.000004406113897 -0.000038561879628  0.000000000000000  0.000000000000000
  0.000124006283044  0.001174484057713 -0.000124006283044 -0.001174484057713
 -0.000173269148238  0.004540695692113 -0.000379647063247  0.003246708718689
 -0.000249418750789  0.004455972080606  0.000173269148238 -0.004540695692113
  0.000249418750789 -0.004455972080606  0.000379647063247 -0.003246708718689
    5 Orbital Energy   -10.115244 Occupation  1.000000 Symmetry Ap      
 -0.000003651893414 -0.000423841356599 -0.000034529402179  0.000295219034035
  0.000000000000000  0.000067802132624  0.000107278971022 -0.000790283926493
 -0.000000000000000 -0.000183380032240  0.000031322142497  0.000152057889743
  0.000023607088931 -0.000000000000000  0.000000000000000  0.000001216512473
  0.000095648319130 -0.000000789610326  0.000012221191460  0.000000000000000
  0.000940874721990  0.000415454479083 -0.000507352036925 -0.000000000000000
 -0.001000028696237 -0.000305385946890  0.000759619689532  0.000000000000000
  0.000155907761840 -0.000083798499519 -0.000072109262321 -0.000193000166432
 -0.000000000000000 -0.000000000000000 -0.001741651375800 -0.000615339982885
  0.000140498863403  0.000026010143489  0.000000000000000  0.004987758392345
 -0.001457566537092 -0.000901714872052 -0.000000000000000  0.000442908443539
  0.000126039864325 -0.000568948307864 -0.000313073101715 -0.000000000000000
 -0.000000000000000 -0.011181730480307 -0.001674862621098  0.000251926921936
  0.000168710570145  0.000000000000000  0.003286278307437 -0.001085114129794
 -0.001389311551636 -0.000000000000000 -0.000031415708486 -0.000003041536082
  0.000034457244568  0.000125040454677  0.000000000000000  0.000000000000000
  0.703714027856637  0.025592969597403  0.000081102213907  0.000024962038123
  0.000123071554838 -0.020381445175117 -0.000514342638858 -0.000751666352460
 -0.000657590273797 -0.000036189784617 -0.000042831254608  0.000079021039225
 -0.000017371560629  0.000026003470267  0.000085210620670  0.703714027856637
  0.025592969597403  0.000081102213907  0.000024962038123 -0.000123071554838
 -0.020381445175117 -0.000514342638858 -0.000751666352460  0.000657590273797
 -0.000036189784617 -0.000042831254608  0.000079021039225 -0.000017371560629
 -0.000026003470267 -0.000085210620670 -0.000300257734890 -0.000983542205504
 -0.000169469725796  0.000272369110954 -0.000169469725796  0.000272369110954
 -0.000488796925047  0.003616700871790 -0.000421492751450  0.004800297410417
 -0.000554561440844  0.003652122825383 -0.000488796925047  0.003616700871790
 -0.000554561440844  0.003652122825383 -0.000421492751450  0.004800297410417
    6 Orbital Energy   -10.113135 Occupation  1.000000 Symmetry Ap      
 -0.000002813710823 -0.000286651094056 -0.000238018494114  0.000119978871567
 -0.000000000000000  0.000033056356144  0.000774521766427 -0.000338943268973
  0.000000000000000  0.000250200641531 -0.000055242502790 -0.000194958138741
 -0.000007931221279  0.000000000000000 -0.000000000000000 -0.000001702173676
  0.000083797753521  0.000011359737499 -0.000013173806356 -0.000000000000000
  0.000704144191003  0.000369688757185 -0.000426282968514 -0.000000000000000
 -0.000623054347425 -0.000411925642666  0.000351720880759  0.000000000000000
 -0.000045867555178  0.000146648607440 -0.000100781052262 -0.000164817412433
 -0.000000000000000 -0.000000000000000 -0.001236026633721 -0.000439070066864
 -0.000187168225653 -0.000105370135238 -0.000000000000000  0.003564721946128
  0.002172942463544  0.000699620548455  0.000000000000000 -0.000798354423629
  0.000403320986312  0.000395033437316 -0.000109634118544 -0.000000000000000
  0.000000000000000  0.995281556782366  0.037030524797065 -0.000097125377236
 -0.000107232516584 -0.000000000000000 -0.030654747270207  0.000793862006194
  0.000318761707460  0.000000000000000 -0.000043077504541  0.000023422648695
  0.000019654855846 -0.000009778608745 -0.000000000000000  0.000000000000000
  0.007736661499901 -0.000615345611451 -0.000269953612731 -0.000074688755957
  0.000080594988212  0.001856857469793  0.001855747115664  0.000186069432232
 -0.000199891780614  0.000126119888037 -0.000062554690861 -0.000063565197176
  0.000040606582475 -0.000081493982949  0.000010347105422  0.007736661499901
 -0.000615345611451 -0.000269953612731 -0.000074688755957 -0.000080594988212
  0.001856857469793  0.001855747115664  0.000186069432232  0.000199891780614
  0.000126119888037 -0.000062554690861 -0.000063565197176  0.000040606582475
  0.000081493982949 -0.000010347105422 -0.000477036733702  0.005713148012547
 -0.000552524648095  0.005602995225684 -0.000552524648095  0.005602995225684
 -0.000230070733013 -0.000620940473379 -0.000213415477323 -0.000553223907701
 -0.000034382894198  0.001092444699944 -0.000230070733013 -0.000620940473379
 -0.000034382894198  0.001092444699944 -0.000213415477323 -0.000553223907701
    7 Orbital Energy    -2.193621 Occupation  1.000000 Symmetry Ap      
  0.000708460479021 -0.001445130813987  0.000824984229661 -0.000845229185430
 -0.000000000000000 -0.000619024100262  0.001505422887345 -0.001754078565573
 -0.000000000000000 -0.000073727873321  0.000031821131748  0.000041906741573
  0.000085264637612  0.000000000000000  0.000000000000000  0.246155504434296
 -1.026733952325283  0.010432640372767 -0.012439094562648 -0.000000000000000
 -0.002204703120929  0.001178602327425 -0.001296842260218 -0.000000000000000
 -0.000807885132397 -0.000660727965497  0.000901150407663  0.000000000000000
  0.000150232994735  0.000220858012544 -0.000371091007280 -0.000660571870547
 -0.000000000000000 -0.000000000000000  0.000026118978829 -0.000005297771040
  0.000098414685936 -0.000201174369971 -0.000000000000000 -0.001651235661094
  0.000106969819158 -0.000995944374398 -0.000000000000000  0.000053439442404
 -0.000137197220423  0.000083757778019  0.000075080772521  0.000000000000000
 -0.000000000000000  0.000005821952438  0.000073885213903 -0.000018074237036
 -0.000007711889045 -0.000000000000000 -0.000096776720037 -0.000319493124137
  0.000168153284516 -0.000000000000000  0.000013449506412 -0.000021115619943
  0.000007666113531 -0.000015928829756  0.000000000000000 -0.000000000000000
  0.000004054761364  0.000046972701660  0.000011121149645 -0.000021183707785
 -0.000002238692612 -0.000362268713357 -0.000005420475145  0.000352410759542
 -0.000095968365518 -0.000004339193986  0.000009176065965 -0.000004836871979
  0.000016907843420  0.000008149836674 -0.000014206071942  0.000004054761364
  0.000046972701660  0.000011121149645 -0.000021183707785  0.000002238692612
 -0.000362268713357 -0.000005420475145  0.000352410759542  0.000095968365518
 -0.000004339193986  0.000009176065965 -0.000004836871979  0.000016907843420
 -0.000008149836674  0.000014206071942  0.000029012705491  0.000159505498950
 -0.000056304037345  0.000340345723762 -0.000056304037345  0.000340345723762
  0.000033764562955  0.000237810715355 -0.000074582634295  0.000366439154767
 -0.000071076591035  0.000450879077034  0.000033764562955  0.000237810715355
 -0.000071076591035  0.000450879077034 -0.000074582634295  0.000366439154767
    8 Orbital Energy    -1.122341 Occupation  1.000000 Symmetry Ap      
  0.001585604202569 -0.003241643251208 -0.000277523788211 -0.002051519726829
 -0.000000000000000 -0.003782198496599 -0.000877329073167 -0.002930449252977
 -0.000000000000000  0.000833525465646 -0.000989110169973  0.000155584704327
  0.000316276477230  0.000000000000000 -0.000000000000000  0.000234980933815
 -0.000891045419626 -0.805123352202063 -0.587070700893581 -0.000000000000000
  0.001113540216110 -0.014785377083670 -0.011907513718883 -0.000000000000000
 -0.000294465917017  0.003906340632231  0.003055243217383  0.000000000000000
  0.002925244204987 -0.002471183504142 -0.000454060700845 -0.001119540729502
  0.000000000000000 -0.000000000000000  0.000185509089664 -0.000295873372252
 -0.000150121649987 -0.000503684815607 -0.000000000000000 -0.001006638903612
  0.001755596886362  0.001024909238799  0.000000000000000  0.000030354216428
  0.000002229551296 -0.000032583767723 -0.000046683825544 -0.000000000000000
 -0.000000000000000  0.000031304722863 -0.000157506542545  0.000155427732537
 -0.000127049251456  0.000000000000000 -0.000533228652931  0.000309376124952
  0.000403175251144  0.000000000000000 -0.000022535022384 -0.000004104669861
  0.000026639692245  0.000038378616495  0.000000000000000  0.000000000000000
  0.000021114714322  0.000054175178290 -0.000042907032128  0.000125188343835
 -0.000047906679012  0.000628213223804  0.000039791350271 -0.000620706632282
 -0.000497901358333 -0.000015851949347 -0.000024991587979  0.000040843537326
 -0.000035160046153  0.000010468683909 -0.000013513728443  0.000021114714322
  0.000054175178290 -0.000042907032128  0.000125188343835  0.000047906679012
  0.000628213223804  0.000039791350271 -0.000620706632282  0.000497901358333
 -0.000015851949347 -0.000024991587979  0.000040843537326 -0.000035160046153
 -0.000010468683909  0.000013513728443  0.000014136060852  0.000290282776087
  0.000002872278497 -0.000480669219728  0.000002872278497 -0.000480669219728
 -0.000077328305279 -0.000352106042077  0.000029642337906  0.000329909121772
  0.000021162158646  0.000087069301597 -0.000077328305279 -0.000352106042077
  0.000021162158646  0.000087069301597  0.000029642337906  0.000329909121772
    9 Orbital Energy    -1.122205 Occupation  1.000000 Symmetry App     
  0.000000000000000  0.000000000000000 -0.000000000000000 -0.000000000000000
 -0.001762855962974  0.000000000000000 -0.000000000000000 -0.000000000000000
 -0.002739275008570  0.000000000000000 -0.000000000000000 -0.000000000000000
  0.000000000000000  0.000755217796681 -0.000686326104903  0.000000000000000
  0.000000000000000 -0.000000000000000 -0.000000000000000 -0.996495923392979
  0.000000000000000 -0.000000000000000 -0.000000000000000 -0.019077732599707
  0.000000000000000  0.000000000000000  0.000000000000000  0.004999109348166
  0.000000000000000 -0.000000000000000 -0.000000000000000  0.000000000000000
  0.002159715113651 -0.002382170756488  0.000000000000000  0.000000000000000
 -0.000000000000000 -0.000000000000000 -0.000410367963401  0.000000000000000
  0.000000000000000  0.000000000000000  0.002140430142093 -0.000000000000000
 -0.000000000000000 -0.000000000000000 -0.000000000000000 -0.000009262265732
 -0.000088776572372  0.000000000000000  0.000000000000000 -0.000000000000000
 -0.000000000000000 -0.000017229683184  0.000000000000000 -0.000000000000000
 -0.000000000000000 -0.000415460798822  0.000000000000000 -0.000000000000000
  0.000000000000000  0.000000000000000  0.000070453188254 -0.000013317613728
  0.000007895919535 -0.000178537970952  0.000047928295913 -0.000230959523958
  0.000064977226206 -0.000656102928683 -0.000653370577063  0.000491130169620
  0.000338986701067  0.000012494848237 -0.000033456277424  0.000020961429187
 -0.000011226539227  0.000032117807601  0.000023855355264 -0.000007895919535
  0.000178537970952 -0.000047928295913  0.000230959523958  0.000064977226206
  0.000656102928683  0.000653370577063 -0.000491130169620  0.000338986701067
 -0.000012494848237  0.000033456277424 -0.000020961429187  0.000011226539227
  0.000032117807601  0.000023855355264  0.000000000000000  0.000000000000000
 -0.000035150882029  0.000062661445485  0.000035150882029 -0.000062661445485
  0.000070881228008  0.000502497200414 -0.000026566694165 -0.000528420319354
 -0.000056141909769 -0.000382138036662 -0.000070881228008 -0.000502497200414
  0.000056141909769  0.000382138036662  0.000026566694165  0.000528420319354
   10 Orbital Energy    -1.119884 Occupation  1.000000 Symmetry Ap      
  0.012563778467110 -0.024216580066385  0.007693489677739 -0.006259449487575
  0.000000000000000 -0.034378773342042  0.005859193280742 -0.003466122410008
  0.000000000000000 -0.000373738703535 -0.001049616985679  0.001423355689215
  0.002255950342543  0.000000000000000  0.000000000000000  0.003665711791853
 -0.014878033787500 -0.584011248600156  0.802584979568063  0.000000000000000
  0.006869743174357 -0.008280106603483  0.012234524759381  0.000000000000000
 -0.002409928513560  0.002128021323943 -0.003205827914364 -0.000000000000000
  0.000765581419460  0.002474726508789 -0.003240307928249 -0.005546519838215
 -0.000000000000000 -0.000000000000000  0.002009604580213 -0.005065103231598
  0.001412790158425 -0.002664261026547 -0.000000000000000  0.003463418077344
 -0.001628636810570  0.003305808210636  0.000000000000000  0.000006084329124
  0.000039311514153 -0.000045395843276 -0.000009995797340 -0.000000000000000
 -0.000000000000000  0.000331625612102 -0.000325199783673  0.000501385798610
 -0.000160986252398  0.000000000000000 -0.001003299080809  0.000789020554764
 -0.001023817447269 -0.000000000000000 -0.000150168585494  0.000097101459364
  0.000053067126131  0.000162353795154  0.000000000000000  0.000000000000000
  0.000323298711609 -0.000835455551131  0.000033176082317 -0.000575869715683
  0.000395925698055 -0.000099354273133  0.000147291382210 -0.000239701934287
  0.000051902518120  0.000079375250084 -0.000091012009193  0.000011636759108
 -0.000017399815508 -0.000048092526160  0.000133657395076  0.000323298711609
 -0.000835455551131  0.000033176082317 -0.000575869715683 -0.000395925698055
 -0.000099354273133  0.000147291382210 -0.000239701934287 -0.000051902518120
  0.000079375250084 -0.000091012009193  0.000011636759108 -0.000017399815508
  0.000048092526160 -0.000133657395076 -0.000101378117574 -0.000369110617143
  0.000012574610776 -0.000194072475877  0.000012574610776 -0.000194072475877
 -0.000074217782849 -0.000024461026824 -0.000112726716990 -0.000453183633992
 -0.000132106552564 -0.000332530413394 -0.000074217782849 -0.000024461026824
 -0.000132106552564 -0.000332530413394 -0.000112726716990 -0.000453183633992
   11 Orbital Energy    -0.887064 Occupation  1.000000 Symmetry Ap      
  0.181455451111094 -0.390100538359514 -0.045014291073375  0.103602317581246
  0.000000000000000 -0.408302147224690 -0.015679453797526  0.042941368880883
  0.000000000000000  0.002901456853618 -0.010424343701175  0.007522886847557
  0.010032659264605  0.000000000000000  0.000000000000000 -0.003349043627324
  0.016245207380787  0.044965738503557 -0.048976350863593 -0.000000000000000
 -0.007429180003441 -0.002215588544008  0.001567366605562 -0.000000000000000
 -0.001671810845237 -0.001651885231973  0.001929638241221  0.000000000000000
 -0.000722788560629  0.000499499562362  0.000223288998266  0.000288105879079
 -0.000000000000000  0.000000000000000  0.114066480163104 -0.219423102368804
  0.046612235123642 -0.102932977518357 -0.000000000000000 -0.100046793228516
 -0.010907704558025  0.016821059393792  0.000000000000000  0.004323265070292
 -0.013207060376700  0.008883795306408  0.011390619123941  0.000000000000000
  0.000000000000000  0.033189693446745 -0.061488638909110  0.034387825183676
 -0.005308687335887  0.000000000000000 -0.040816962285761  0.004881590878889
 -0.008889883283968 -0.000000000000000 -0.004654148569770  0.002635034301265
  0.002019114268505  0.001144611721806 -0.000000000000000  0.000000000000000
  0.033308198319843 -0.061584621473642 -0.005265467915004 -0.023577496441224
  0.025197005531608 -0.044172045546907  0.003860108915999 -0.009171703172381
  0.001861199081763  0.002152248964970 -0.000625680666237 -0.001526568298733
 -0.001171155617178  0.000693108123459  0.004135398990952  0.033308198319843
 -0.061584621473642 -0.005265467915004 -0.023577496441224 -0.025197005531608
 -0.044172045546907  0.003860108915999 -0.009171703172381 -0.001861199081763
  0.002152248964970 -0.000625680666237 -0.001526568298733 -0.001171155617178
 -0.000693108123459 -0.004135398990952 -0.012267825456286 -0.001929167833050
 -0.014580670001750 -0.000545425166326 -0.014580670001750 -0.000545425166326
 -0.012255566769253 -0.001226691836538 -0.014742329374709 -0.000621064675603
 -0.014683738799308 -0.000124550075407 -0.012255566769253 -0.001226691836538
 -0.014683738799308 -0.000124550075407 -0.014742329374709 -0.000621064675603
   12 Orbital Energy    -0.720138 Occupation  1.000000 Symmetry Ap      
  0.102015100339154 -0.224360502584079 -0.000573436492205  0.004494129438841
  0.000000000000000 -0.257733823390135  0.002128179182997 -0.000839403733785
  0.000000000000000 -0.000058510353503 -0.000976557911377  0.001035068264880
  0.001605805479234  0.000000000000000  0.000000000000000 -0.002793248151091
  0.013551213710693  0.025275902593732 -0.026036975840130 -0.000000000000000
 -0.013836603467775 -0.005639242932434  0.006017792105574  0.000000000000000
  0.005310121666701  0.001372963765654 -0.003530940843941 -0.000000000000000
 -0.000834866856541 -0.000272235599071  0.001107102455612  0.001986770466904
  0.000000000000000  0.000000000000000 -0.076559476113500  0.143986210768071
  0.061555707477620 -0.139926588731171 -0.000000000000000  0.124522134240278
  0.011867088828307 -0.031319426769628 -0.000000000000000  0.003664486705156
 -0.011742932190771  0.008078445485615  0.010483938924002  0.000000000000000
  0.000000000000000 -0.093322787971322  0.174991329778553 -0.027205862011582
 -0.021339510793208 -0.000000000000000  0.156221402833397  0.001044489238015
 -0.011569090514255 -0.000000000000000  0.000833914400494 -0.000371373959782
 -0.000462540440712  0.002171052725893  0.000000000000000  0.000000000000000
 -0.096673408020045  0.181373390478095  0.017981648848274 -0.000910763050420
 -0.028796841396489  0.160843996615430  0.005689992608933 -0.009100657795104
 -0.002340019498000  0.000234829556114 -0.001606442078484  0.001371612522370
  0.000472577976105 -0.001402100354222  0.000301786797150 -0.096673408020045
  0.181373390478095  0.017981648848274 -0.000910763050420  0.028796841396489
  0.160843996615430  0.005689992608933 -0.009100657795104  0.002340019498000
  0.000234829556114 -0.001606442078484  0.001371612522370  0.000472577976105
  0.001402100354222 -0.000301786797150  0.061109228375900  0.011737489124937
  0.051401319279937  0.009576992321785  0.051401319279937  0.009576992321785
  0.063288136683373  0.012384002741514  0.053475936270013  0.009958598077002
  0.054108414981967  0.010844756413160  0.063288136683373  0.012384002741514
  0.054108414981967  0.010844756413160  0.053475936270013  0.009958598077002
   13 Orbital Energy    -0.650433 Occupation  1.000000 Symmetry App     
  0.000000000000000  0.000000000000000 -0.000000000000000 -0.000000000000000
 -0.031138899434369  0.000000000000000 -0.000000000000000 -0.000000000000000
 -0.013342424341689 -0.000000000000000  0.000000000000000  0.000000000000000
  0.000000000000000 -0.000848968985077  0.002950507567524  0.000000000000000
  0.000000000000000  0.000000000000000  0.000000000000000  0.001385476991603
  0.000000000000000 -0.000000000000000 -0.000000000000000 -0.000134848590528
  0.000000000000000 -0.000000000000000 -0.000000000000000 -0.003521141000107
 -0.000000000000000  0.000000000000000  0.000000000000000  0.000000000000000
 -0.000648582809145  0.001187215558693  0.000000000000000  0.000000000000000
 -0.000000000000000 -0.000000000000000 -0.143623799196307  0.000000000000000
 -0.000000000000000 -0.000000000000000 -0.032033092518373  0.000000000000000
  0.000000000000000  0.000000000000000  0.000000000000000  0.005957570835584
  0.011485268167103  0.000000000000000  0.000000000000000 -0.000000000000000
 -0.000000000000000 -0.030573950952218  0.000000000000000 -0.000000000000000
 -0.000000000000000 -0.014578064931420  0.000000000000000 -0.000000000000000
  0.000000000000000  0.000000000000000  0.002406558556223 -0.000008157435788
  0.139979287800057 -0.265076455500483  0.000676791683699  0.000708939621324
 -0.031910728751916 -0.270380213844082 -0.000983331896475  0.006262309510675
 -0.017162911685156 -0.001864631213598 -0.001302984495453  0.003167615709051
  0.000302715279716 -0.001553158870651 -0.002727608974724 -0.139979287800057
  0.265076455500483 -0.000676791683699 -0.000708939621324 -0.031910728751916
  0.270380213844082  0.000983331896475 -0.006262309510675 -0.017162911685156
  0.001864631213598  0.001302984495453 -0.003167615709051 -0.000302715279716
 -0.001553158870651 -0.002727608974724  0.000000000000000  0.000000000000000
  0.010488096329508  0.003437543336516 -0.010488096329508 -0.003437543336516
 -0.094929091986962 -0.022899579693714 -0.105305826042247 -0.029291850964137
 -0.094880028506874 -0.026382775456077  0.094929091986962  0.022899579693714
  0.094880028506874  0.026382775456077  0.105305826042247  0.029291850964137
   14 Orbital Energy    -0.649363 Occupation  1.000000 Symmetry Ap      
  0.001611669367392 -0.003588050308449  0.029285253148822  0.012115573298900
  0.000000000000000 -0.004604466978447  0.012483925198244  0.005801770939990
  0.000000000000000  0.002283031286743 -0.001930627800292 -0.000352403486451
 -0.001841828540497  0.000000000000000 -0.000000000000000 -0.000243499538138
  0.001256728437515  0.000819849724765 -0.002689081576941 -0.000000000000000
 -0.001446206200112 -0.000960109240322  0.001002534612191  0.000000000000000
 -0.000369267491816  0.002578968441366  0.001947148286230  0.000000000000000
  0.000859868558622 -0.001052859372880  0.000192990814258  0.000290983644971
  0.000000000000000 -0.000000000000000 -0.001793498337298  0.003341653827210
  0.132871485789369  0.057727563331421  0.000000000000000  0.003649835836973
  0.028769890971587  0.013485635982451  0.000000000000000  0.012526988200764
 -0.003817049872572 -0.008709938328192 -0.001320208310920  0.000000000000000
 -0.000000000000000 -0.162678088002729  0.308033617827039  0.027443440672895
  0.012139603130481  0.000000000000000  0.313748849665317  0.017870923314568
  0.000173282626773  0.000000000000000 -0.004687943513758  0.002083271798556
  0.002604671715203 -0.001396578264533 -0.000000000000000  0.000000000000000
  0.079645191903969 -0.150735202923180  0.029331320747772  0.013380015623391
 -0.001086816802287 -0.154535041035110  0.013237883842470  0.009605150839643
 -0.001357449803722 -0.000195522793987  0.000224754636556 -0.000029231842569
  0.001656614994531 -0.002394179478246 -0.001561359493812  0.079645191903969
 -0.150735202923180  0.029331320747772  0.013380015623391  0.001086816802287
 -0.154535041035110  0.013237883842470  0.009605150839643  0.001357449803722
 -0.000195522793987  0.000224754636556 -0.000029231842569  0.001656614994531
  0.002394179478246  0.001561359493812  0.110237181303119  0.027115062327528
  0.115515144339495  0.031796258613189  0.115515144339495  0.031796258613189
 -0.053851918883676 -0.012919644506926 -0.047927611062353 -0.012726265678884
 -0.066908415482080 -0.019330427734906 -0.053851918883676 -0.012919644506926
 -0.066908415482080 -0.019330427734906 -0.047927611062353 -0.012726265678884
   15 Orbital Energy    -0.487895 Occupation  1.000000 Symmetry Ap      
  0.061518011241108 -0.137484123785224  0.059082838035566 -0.125441676206618
 -0.000000000000000 -0.190226267883615  0.034828774289372 -0.073219055287631
 -0.000000000000000 -0.002136776244209  0.005175884696901 -0.003039108452692
 -0.003588145022091 -0.000000000000000  0.000000000000000 -0.004428454270310
  0.023543699200179  0.028292056387364 -0.027517653408411 -0.000000000000000
 -0.021655843813123 -0.012221163383807  0.010687305959338  0.000000000000000
 -0.009429418123173 -0.004878033091948  0.007081556011788  0.000000000000000
 -0.001638315255292 -0.001522966073218  0.003161281328511  0.005743142156243
  0.000000000000000  0.000000000000000 -0.133575455108046  0.283490086343138
  0.026021593613830 -0.060558668511240 -0.000000000000000  0.243957249927463
  0.013426070786106 -0.038065801348318 -0.000000000000000 -0.000048572415964
 -0.000607485055213  0.000656057471177  0.000900981329192  0.000000000000000
  0.000000000000000  0.041817962509210 -0.080372317920134 -0.189171445288902
 -0.028991359474154 -0.000000000000000 -0.094690802913012 -0.074121484581972
 -0.010771128194016 -0.000000000000000  0.012918879310712 -0.006204004619400
 -0.006714874691312  0.002843724992785  0.000000000000000 -0.000000000000000
  0.040245126583206 -0.076838700026402  0.063152508024705  0.085865204523176
 -0.160713458137569 -0.095810221122026  0.025115797706855  0.035370876505904
 -0.062735459063039 -0.004694294435078 -0.002156691933253  0.006850986368330
  0.003243569644151 -0.005881009593089 -0.008809412292313  0.040245126583206
 -0.076838700026402  0.063152508024705  0.085865204523176  0.160713458137569
 -0.095810221122026  0.025115797706855  0.035370876505904  0.062735459063039
 -0.004694294435078 -0.002156691933253  0.006850986368330  0.003243569644151
  0.005881009593089  0.008809412292313 -0.067643278054441 -0.042901198717532
 -0.075162750885762 -0.044761189839331 -0.075162750885762 -0.044761189839331
 -0.066326735601856 -0.040566456543538 -0.074786022906287 -0.044225932456296
 -0.075034687788284 -0.043149585497487 -0.066326735601856 -0.040566456543538
 -0.075034687788284 -0.043149585497487 -0.074786022906287 -0.044225932456296
   16 Orbital Energy    -0.404371 Occupation  1.000000 Symmetry Ap      
  0.005429338534524 -0.011728654948156  0.107790315341966  0.023416798066029
  0.000000000000000 -0.020770796466634  0.063379985899638  0.016864144277483
  0.000000000000000  0.004187889081999 -0.004779250843214  0.000591361761215
 -0.005717623373489  0.000000000000000 -0.000000000000000 -0.001315802032411
  0.006224496942162  0.003783466884645 -0.010720873376600 -0.000000000000000
 -0.014768790643709 -0.000672913639653  0.010870235379083  0.000000000000000
  0.006932804570163  0.006198189745979 -0.001794154303033  0.000000000000000
  0.003018603118998 -0.005066610828312  0.002048007709314  0.000792055528994
  0.000000000000000 -0.000000000000000 -0.002042333053294  0.004348796339966
  0.200288356210371  0.112256183815440  0.000000000000000  0.007917785442085
  0.067771347507034  0.039525570146805  0.000000000000000 -0.004328491392115
 -0.001457770761987  0.005786262154102 -0.002485069741560 -0.000000000000000
  0.000000000000000  0.016994726691016 -0.032215449398275 -0.179779601312573
  0.067624314967695 -0.000000000000000 -0.051454285272773 -0.092525820336304
  0.027440677863805 -0.000000000000000  0.005990595606836 -0.006811329482824
  0.000820733875988  0.002333324484106  0.000000000000000 -0.000000000000000
 -0.009540072057399  0.018328024899212  0.166875432902007  0.031636085341127
  0.192990805552088  0.030490203627090  0.078923476786112  0.013342846370571
  0.098740328706889 -0.007464036185552  0.004889640836500  0.002574395349052
  0.001255467128322  0.001544617266062  0.007301900816675 -0.009540072057399
  0.018328024899212  0.166875432902007  0.031636085341127 -0.192990805552088
  0.030490203627090  0.078923476786112  0.013342846370571 -0.098740328706889
 -0.007464036185552  0.004889640836500  0.002574395349052  0.001255467128322
 -0.001544617266062 -0.007301900816675 -0.099008845466627 -0.070668961360245
 -0.025037464345439 -0.007462189342662 -0.025037464345439 -0.007462189342662
  0.034309359370720  0.020121725851499  0.141964623141089  0.103060117995214
 -0.095852002462763 -0.085003752484813  0.034309359370720  0.020121725851499
 -0.095852002462763 -0.085003752484813  0.141964623141089  0.103060117995214
   17 Orbital Energy    -0.403446 Occupation  1.000000 Symmetry App     
  0.000000000000000  0.000000000000000  0.000000000000000  0.000000000000000
  0.110855379092310  0.000000000000000  0.000000000000000  0.000000000000000
  0.067497801927285  0.000000000000000 -0.000000000000000 -0.000000000000000
 -0.000000000000000  0.003769927861188 -0.007096740715317  0.000000000000000
  0.000000000000000 -0.000000000000000 -0.000000000000000 -0.004626161879731
  0.000000000000000  0.000000000000000  0.000000000000000  0.006248966034250
  0.000000000000000  0.000000000000000  0.000000000000000  0.002449719539906
  0.000000000000000 -0.000000000000000  0.000000000000000  0.000000000000000
  0.003331580413096 -0.002560325842178  0.000000000000000  0.000000000000000
  0.000000000000000  0.000000000000000  0.235196233893568  0.000000000000000
  0.000000000000000  0.000000000000000  0.080724708590944  0.000000000000000
  0.000000000000000  0.000000000000000  0.000000000000000  0.005793900983304
  0.002205785409139  0.000000000000000  0.000000000000000  0.000000000000000
  0.000000000000000  0.271195192074878  0.000000000000000  0.000000000000000
  0.000000000000000  0.132243185081015  0.000000000000000  0.000000000000000
  0.000000000000000  0.000000000000000  0.001596774155286  0.011284517183670
  0.014414828962168 -0.027295524696176  0.125540332866161  0.174496288346435
 -0.041305018912536 -0.044750209464435  0.064329810848345  0.086179951354320
 -0.026644866769803 -0.005970907246189 -0.000113433595328  0.006084340841517
  0.005272772523546 -0.000425053062742 -0.000721741408193 -0.014414828962168
  0.027295524696176 -0.125540332866161 -0.174496288346435 -0.041305018912536
  0.044750209464435 -0.064329810848345 -0.086179951354320 -0.026644866769803
  0.005970907246189  0.000113433595328 -0.006084340841517 -0.005272772523546
 -0.000425053062742 -0.000721741408193  0.000000000000000  0.000000000000000
 -0.133677817923359 -0.104749435916690  0.133677817923359  0.104749435916690
 -0.077788724530829 -0.052582500257984  0.042001506156926  0.045123803114519
 -0.098132217948949 -0.067048664387762  0.077788724530829  0.052582500257984
  0.098132217948949  0.067048664387762 -0.042001506156926 -0.045123803114519
   18 Orbital Energy    -0.403400 Occupation  1.000000 Symmetry Ap      
  0.052878456344505 -0.112813673848850  0.070993673502321 -0.173671755609114
 -0.000000000000000 -0.210013193320047  0.030421621444181 -0.080701442888469
 -0.000000000000000 -0.001626178211905  0.003195135180255 -0.001568956968350
 -0.001080600612823 -0.000000000000000  0.000000000000000 -0.004915662449859
  0.023243895038608  0.030781550209308 -0.027204245027004 -0.000000000000000
 -0.053160357185896 -0.028264196183704  0.022311205935674 -0.000000000000000
  0.020226785288625  0.006425847426447 -0.011261938941480 -0.000000000000000
 -0.006097998193014 -0.000517491738657  0.006615489931671  0.011843626348448
  0.000000000000000  0.000000000000000 -0.018590268425435  0.042035544810753
 -0.088971765909411  0.144830704674191  0.000000000000000  0.061782100275475
 -0.039957987335447  0.063671868915670  0.000000000000000  0.001618946333543
 -0.003835458552902  0.002216512219359  0.004172599289167  0.000000000000000
  0.000000000000000 -0.008120579631163  0.017684406977155  0.027871848999947
  0.210510720037312  0.000000000000000  0.030054999866808  0.025634743521203
  0.088446513523737  0.000000000000000 -0.001646164612154 -0.007229110316570
  0.008875274928723  0.004042609636314  0.000000000000000  0.000000000000000
 -0.004853998373153  0.011876695188581 -0.146022598660434  0.155627210251885
  0.069094394171853  0.014901907024164 -0.065389794035151  0.061322993756207
  0.038413569049912  0.004842218857433 -0.007458536915434  0.002616318058001
  0.007421082309896  0.003648322876408  0.001243772806297 -0.004853998373153
  0.011876695188581 -0.146022598660434  0.155627210251885 -0.069094394171853
  0.014901907024164 -0.065389794035151  0.061322993756207 -0.038413569049912
  0.004842218857433 -0.007458536915434  0.002616318058001  0.007421082309896
 -0.003648322876408 -0.001243772806297 -0.106546534733000 -0.105242639679322
  0.077499391271533  0.053397864450099  0.077499391271533  0.053397864450099
 -0.123141554534784 -0.114560680033266  0.063129767360285  0.044465544622091
  0.085821703181983  0.065806039548600 -0.123141554534784 -0.114560680033266
  0.085821703181983  0.065806039548600  0.063129767360285  0.044465544622091
   19 Orbital Energy    -0.357763 Occupation  1.000000 Symmetry App     
  0.000000000000000  0.000000000000000  0.000000000000000  0.000000000000000
  0.091602921124578  0.000000000000000  0.000000000000000  0.000000000000000
  0.057230505191780  0.000000000000000 -0.000000000000000 -0.000000000000000
 -0.000000000000000  0.000425754898154 -0.005285810539053  0.000000000000000
  0.000000000000000 -0.000000000000000 -0.000000000000000 -0.005241185122585
  0.000000000000000  0.000000000000000  0.000000000000000  0.008608471254419
  0.000000000000000  0.000000000000000  0.000000000000000  0.006918947570287
  0.000000000000000 -0.000000000000000 -0.000000000000000 -0.000000000000000
  0.003134813361043 -0.005691670121940  0.000000000000000  0.000000000000000
  0.000000000000000  0.000000000000000  0.080340006073521  0.000000000000000
  0.000000000000000  0.000000000000000  0.040230727832334 -0.000000000000000
  0.000000000000000 -0.000000000000000 -0.000000000000000 -0.014283865909795
  0.006310694839673  0.000000000000000  0.000000000000000 -0.000000000000000
 -0.000000000000000 -0.136067992199186  0.000000000000000 -0.000000000000000
 -0.000000000000000 -0.078552175880509 -0.000000000000000 -0.000000000000000
 -0.000000000000000 -0.000000000000000 -0.005434673968916 -0.004147437078166
 -0.001199619326029  0.004619809842218 -0.197075675948106  0.221699472780231
  0.002530792026238 -0.003516705786620 -0.105191456428293  0.110322926839985
  0.003383313777853  0.008222230138986 -0.012298072089148  0.004075841950163
  0.009717038518575 -0.001618695683567  0.002678020667223  0.001199619326029
 -0.004619809842218  0.197075675948106 -0.221699472780231  0.002530792026238
  0.003516705786620  0.105191456428293 -0.110322926839985  0.003383313777853
 -0.008222230138986  0.012298072089148 -0.004075841950163 -0.009717038518575
 -0.001618695683567  0.002678020667223  0.000000000000000  0.000000000000000
  0.071364611398804  0.055677425669604 -0.071364611398804 -0.055677425669604
 -0.183463657448174 -0.154792509063734  0.038424019938433  0.032212302816609
  0.114469643488137  0.094363103143345  0.183463657448174  0.154792509063734
 -0.114469643488137 -0.094363103143345 -0.038424019938433 -0.032212302816609
   20 Orbital Energy    -0.357196 Occupation  1.000000 Symmetry Ap      
  0.000462516058010 -0.000820395225345  0.092370105262827  0.032909909134692
  0.000000000000000 -0.003081102142860  0.056500818203932  0.023562205794238
  0.000000000000000  0.004593963709904 -0.003150603401970 -0.001443360307934
 -0.002982121700725  0.000000000000000 -0.000000000000000 -0.000885829468238
  0.004026972765439  0.001188972454069 -0.007670344400284 -0.000000000000000
 -0.012436899773493  0.000152332813382  0.010477608967578  0.000000000000000
  0.005852805621173  0.006756663223212 -0.001578243024319  0.000000000000000
  0.004407443355932 -0.004422309724788  0.000014866368856  0.001502648220496
  0.000000000000000 -0.000000000000000 -0.000016022728637 -0.000037502728151
  0.079494319873256  0.042649641616455  0.000000000000000  0.001492680901436
  0.037562129054200  0.024316421681333  0.000000000000000 -0.000163137984376
  0.009623615345571 -0.009460477361195  0.011288706056543 -0.000000000000000
  0.000000000000000 -0.001892169788749  0.006182143111155 -0.092477306183658
  0.317062362544804  0.000000000000000  0.000332004967770 -0.041560263333762
  0.161397259556155  0.000000000000000  0.000112531102032 -0.010226790711080
  0.010114259609048  0.013255453785848  0.000000000000000  0.000000000000000
  0.000990910223709 -0.003310034273995 -0.017104797057259 -0.189047410190709
 -0.078860920406633  0.001868279055913 -0.012591146424093 -0.099600120332327
 -0.046595163491946  0.001729279304740  0.007040903839909 -0.008770183144648
 -0.003741899097659 -0.002291683880957 -0.004016314982655  0.000990910223709
 -0.003310034273995 -0.017104797057259 -0.189047410190709  0.078860920406633
  0.001868279055913 -0.012591146424093 -0.099600120332327  0.046595163491946
  0.001729279304740  0.007040903839909 -0.008770183144648 -0.003741899097659
  0.002291683880957  0.004016314982655 -0.210651413543469 -0.179918637123355
  0.085922875290419  0.069018158182543  0.085922875290419  0.069018158182543
  0.105572591015705  0.088150956592704 -0.106934778466489 -0.087112303511380
  0.022737194910057  0.016923403830628  0.105572591015705  0.088150956592704
  0.022737194910057  0.016923403830628 -0.106934778466489 -0.087112303511380
   21 Orbital Energy    -0.330643 Occupation  1.000000 Symmetry App     
  0.000000000000000  0.000000000000000  0.000000000000000  0.000000000000000
  0.002186466448322  0.000000000000000  0.000000000000000  0.000000000000000
  0.001344045387431  0.000000000000000 -0.000000000000000  0.000000000000000
  0.000000000000000  0.000141128199373 -0.000016262144435  0.000000000000000
  0.000000000000000 -0.000000000000000 -0.000000000000000 -0.000190464093514
  0.000000000000000  0.000000000000000  0.000000000000000  0.000354075589552
  0.000000000000000 -0.000000000000000 -0.000000000000000 -0.000140873978300
 -0.000000000000000 -0.000000000000000 -0.000000000000000 -0.000000000000000
 -0.000374307469992 -0.000330074742604  0.000000000000000  0.000000000000000
  0.000000000000000  0.000000000000000  0.006115602875423  0.000000000000000
  0.000000000000000  0.000000000000000  0.002761443373384  0.000000000000000
 -0.000000000000000  0.000000000000000  0.000000000000000  0.000243393066908
 -0.000164823789022  0.000000000000000  0.000000000000000  0.000000000000000
  0.000000000000000  0.267035174906665  0.000000000000000  0.000000000000000
  0.000000000000000  0.136024175663708  0.000000000000000  0.000000000000000
  0.000000000000000  0.000000000000000  0.011807401640134  0.014127856848226
  0.000100468321870 -0.000115177142831 -0.201289877139201 -0.096063430188222
 -0.136603967428077 -0.001451343698102 -0.100741023833217 -0.048517056484859
 -0.069453596468874  0.014763802762443 -0.002048834239924 -0.012714968522519
  0.001238939375922 -0.005824109449455 -0.007260539467126 -0.000100468321870
  0.000115177142831  0.201289877139201  0.096063430188222 -0.136603967428077
  0.001451343698102  0.100741023833217  0.048517056484859 -0.069453596468874
 -0.014763802762443  0.002048834239924  0.012714968522519 -0.001238939375922
 -0.005824109449455 -0.007260539467126  0.000000000000000  0.000000000000000
 -0.148185541204875 -0.129886720532345  0.148185541204875  0.129886720532345
  0.001112957762984  0.001004265536917 -0.148403626327412 -0.131273487603293
  0.144544148860255  0.130729731543380 -0.001112957762984 -0.001004265536917
 -0.144544148860255 -0.130729731543380  0.148403626327412  0.131273487603293
   22 Orbital Energy    -0.305593 Occupation  1.000000 Symmetry Ap      
  0.034199494112563 -0.065737480007670  0.200523428784593 -0.389202172852421
 -0.000000000000000 -0.147618405506130  0.114751344399019 -0.227238296024676
 -0.000000000000000 -0.002694783512674  0.007857835267255 -0.005163051754581
 -0.006717714411968 -0.000000000000000 -0.000000000000000 -0.010757992981199
  0.054753638842158  0.055360607944367 -0.051082207809666 -0.000000000000000
 -0.105168029830088 -0.054311151926458  0.048116713477283  0.000000000000000
 -0.004046523308625 -0.003760640934480 -0.001257083089755 -0.000000000000000
 -0.009454286770901 -0.002954048438632  0.012408335209533  0.022002084478704
  0.000000000000000  0.000000000000000 -0.008412673406934  0.020765040605371
 -0.108090164230554  0.305850141877117  0.000000000000000  0.042069228433726
 -0.039502828447256  0.101274888717417  0.000000000000000 -0.006097394366437
  0.020954021170815 -0.014856626804379 -0.017470083561213 -0.000000000000000
 -0.000000000000000  0.006414683958130 -0.011240562924104  0.086664880256666
 -0.118781637788658 -0.000000000000000 -0.025559234432590  0.050026002522239
 -0.053467095460327 -0.000000000000000 -0.000034834822380  0.005835722794085
 -0.005800887971704 -0.013479427139846 -0.000000000000000 -0.000000000000000
  0.009514558102883 -0.016064603089148  0.004616994851220 -0.134641165242796
  0.057201978293617 -0.047460460917475 -0.002386006250474 -0.067060540119639
  0.039664039928978 -0.002027586235025  0.009994692271488 -0.007967106036463
 -0.004995847755901  0.002877110594431 -0.003221178782286  0.009514558102883
 -0.016064603089148  0.004616994851220 -0.134641165242796 -0.057201978293617
 -0.047460460917475 -0.002386006250474 -0.067060540119639 -0.039664039928978
 -0.002027586235025  0.009994692271488 -0.007967106036463 -0.004995847755901
 -0.002877110594431  0.003221178782286  0.113156204983532  0.128706732052110
 -0.036154071920998 -0.041316999655778 -0.036154071920998 -0.041316999655778
  0.095708641727502  0.114339782970727 -0.028803997482312 -0.032182330978507
 -0.007639450809902 -0.005574146223255  0.095708641727502  0.114339782970727
 -0.007639450809902 -0.005574146223255 -0.028803997482312 -0.032182330978507
   23 Orbital Energy    -0.298713 Occupation  1.000000 Symmetry Ap      
  0.004623563301668 -0.008850621601664 -0.135882853546718 -0.114777174559264
 -0.000000000000000 -0.021582916259406 -0.091252085124441 -0.072375183112329
 -0.000000000000000 -0.007488076127495  0.007492497558056 -0.000004421430561
  0.006312692367782 -0.000000000000000  0.000000000000000 -0.000209880625169
  0.001888267469037  0.005738372181812  0.004692986068405  0.000000000000000
  0.003336305955745 -0.013966284440632 -0.009878085793655 -0.000000000000000
 -0.015282451081447  0.003536539566610  0.014261606731218  0.000000000000000
 -0.006118117119321  0.004979354661841  0.001138762457480  0.001076025641677
 -0.000000000000000  0.000000000000000 -0.000865108503995  0.001911732631408
 -0.289762985309880 -0.090546886834407 -0.000000000000000  0.005902170077097
 -0.117138251668038 -0.037775572615531 -0.000000000000000 -0.012754263091181
  0.002852924869637  0.009901338221544 -0.004365066531883 -0.000000000000000
  0.000000000000000  0.023603691094568 -0.044763075705302  0.263015164091926
  0.167892126897435  0.000000000000000 -0.099466337728462  0.157520257728064
  0.074926361114883  0.000000000000000 -0.009734557776489 -0.001815875352727
  0.011550433129216  0.009754713964812  0.000000000000000  0.000000000000000
 -0.011109548561860  0.021938492864085  0.192451594291355  0.043482323114628
 -0.052339488496921  0.043875951201749  0.095516510440257  0.032207249545933
 -0.034841633830322 -0.016077034498401  0.006159551601588  0.009917482896813
 -0.006934867758606  0.005820834458157 -0.001345090076255 -0.011109548561860
  0.021938492864085  0.192451594291355  0.043482323114628  0.052339488496921
  0.043875951201749  0.095516510440257  0.032207249545933  0.034841633830322
 -0.016077034498401  0.006159551601588  0.009917482896813 -0.006934867758606
 -0.005820834458157  0.001345090076255 -0.054248854234138 -0.050620468347883
  0.099334226369197  0.109190834110985  0.099334226369197  0.109190834110985
  0.043480291290263  0.045878310410954  0.039832323113148  0.042813649894242
 -0.145866367113521 -0.155778304077073  0.043480291290263  0.045878310410954
 -0.145866367113522 -0.155778304077073  0.039832323113148  0.042813649894242
   24 Orbital Energy    -0.298248 Occupation  1.000000 Symmetry App     
  0.000000000000000  0.000000000000000 -0.000000000000000 -0.000000000000000
 -0.172297341979074  0.000000000000000 -0.000000000000000 -0.000000000000000
 -0.113503148211415 -0.000000000000000  0.000000000000000  0.000000000000000
  0.000000000000000 -0.003196077016887  0.010087795423261  0.000000000000000
  0.000000000000000  0.000000000000000  0.000000000000000  0.007472129606060
  0.000000000000000 -0.000000000000000 -0.000000000000000 -0.017230075814327
  0.000000000000000  0.000000000000000  0.000000000000000  0.011844463179532
 -0.000000000000000  0.000000000000000  0.000000000000000 -0.000000000000000
 -0.004633209822623  0.004457141178439  0.000000000000000  0.000000000000000
 -0.000000000000000 -0.000000000000000 -0.301320249090770  0.000000000000000
 -0.000000000000000 -0.000000000000000 -0.122920379720116  0.000000000000000
  0.000000000000000  0.000000000000000  0.000000000000000  0.010833969265065
  0.008974847375167  0.000000000000000  0.000000000000000  0.000000000000000
  0.000000000000000  0.174432345594315  0.000000000000000  0.000000000000000
  0.000000000000000  0.088525046705535  0.000000000000000  0.000000000000000
  0.000000000000000  0.000000000000000  0.015562460528896  0.010932550547842
  0.020637546540855 -0.039698428933218 -0.072754568864424  0.015620264155566
  0.265822416948489 -0.085301312359034 -0.037185449835876 -0.010261907377872
  0.149002648876387  0.000778088432529 -0.009514842880488  0.008736754447959
  0.002212650854170  0.005477925645601  0.012033207588186 -0.020637546540855
  0.039698428933218  0.072754568864424 -0.015620264155566  0.265822416948489
  0.085301312359034  0.037185449835876  0.010261907377872  0.149002648876387
 -0.000778088432529  0.009514842880488 -0.008736754447959 -0.002212650854170
  0.005477925645601  0.012033207588186  0.000000000000000  0.000000000000000
 -0.113496999398010 -0.117853229441566  0.113496999398010  0.117853229441566
 -0.053170533162321 -0.051847808331906  0.140230750439878  0.150950498913511
  0.031300640506887  0.037653472237439  0.053170533162321  0.051847808331906
 -0.031300640506887 -0.037653472237439 -0.140230750439878 -0.150950498913511
   25 Orbital Energy    -0.167515 Occupation  1.000000 Symmetry Ap      
  0.003384758653147 -0.006287461110859 -0.507294113296779 -0.236937314352429
 -0.000000000000000 -0.019687814324984 -0.393311208127148 -0.187510907101812
 -0.000000000000000 -0.004720306295848  0.006867411434884 -0.002147105139036
  0.007601681955246 -0.000000000000000  0.000000000000000  0.004867505877460
 -0.021055337937967  0.007280846973655  0.044158476374313  0.000000000000000
  0.084062384972893 -0.039108664363996 -0.082083305897976 -0.000000000000000
 -0.046991512172460 -0.059860346206533  0.007774266821954 -0.000000000000000
 -0.038670230087683  0.040507444389892 -0.001837214302209 -0.000575786040508
 -0.000000000000000  0.000000000000000 -0.001043701137331  0.001195344458173
  0.113160243062724  0.057112053909589  0.000000000000000  0.010972054883632
 -0.052205685012561 -0.031664236786220 -0.000000000000000  0.028274486220455
 -0.020410208942170 -0.007864277278285 -0.018533803771703  0.000000000000000
 -0.000000000000000 -0.038190316800747  0.075713812376704 -0.199630383445741
  0.025997655818141 -0.000000000000000  0.258069154263569 -0.145357109836975
 -0.044423378442577 -0.000000000000000  0.003697363094473 -0.005722488780870
  0.002025125686396  0.005814082720481  0.000000000000000 -0.000000000000000
  0.019714555441405 -0.037733827317968 -0.013162124251597 -0.066243555377630
  0.076533912552774 -0.144228090376231  0.004570554112738 -0.006600783251701
  0.088949556859600  0.003764848041563  0.003167389448229 -0.006932237489792
 -0.001630285243297 -0.001206088415308 -0.001544036480098  0.019714555441405
 -0.037733827317968 -0.013162124251597 -0.066243555377630 -0.076533912552774
 -0.144228090376231  0.004570554112738 -0.006600783251701 -0.088949556859600
  0.003764848041563  0.003167389448229 -0.006932237489792 -0.001630285243297
  0.001206088415308  0.001544036480098 -0.058977585529374 -0.138419144021369
  0.000501533421521 -0.032431679091674  0.000501533421521 -0.032431679091674
  0.030868313234297  0.076915538762722 -0.013772834774408 -0.029856132265320
  0.010879580333952  0.083737639337738  0.030868313234297  0.076915538762722
  0.010879580333952  0.083737639337738 -0.013772834774408 -0.029856132265320
   26 Orbital Energy    -0.167340 Occupation  1.000000 Symmetry App     
  0.000000000000000  0.000000000000000  0.000000000000000  0.000000000000000
  0.560774587095341  0.000000000000000  0.000000000000000  0.000000000000000
  0.436446166612307  0.000000000000000 -0.000000000000000 -0.000000000000000
 -0.000000000000000  0.004695720213275 -0.009083787452721  0.000000000000000
  0.000000000000000 -0.000000000000000 -0.000000000000000 -0.037627697376576
  0.000000000000000  0.000000000000000  0.000000000000000  0.087764733759882
  0.000000000000000  0.000000000000000  0.000000000000000  0.045471355740747
  0.000000000000000 -0.000000000000000 -0.000000000000000  0.000000000000000
  0.034471266770006 -0.034228304254857  0.000000000000000  0.000000000000000
 -0.000000000000000 -0.000000000000000 -0.125303008194825  0.000000000000000
  0.000000000000000  0.000000000000000  0.069999948808453 -0.000000000000000
  0.000000000000000  0.000000000000000  0.000000000000000 -0.005413006745391
  0.033990138233536  0.000000000000000  0.000000000000000 -0.000000000000000
 -0.000000000000000 -0.003285178866795  0.000000000000000 -0.000000000000000
 -0.000000000000000 -0.054726477340013  0.000000000000000  0.000000000000000
  0.000000000000000  0.000000000000000  0.005203281075788  0.004281740310349
  0.033671924466628 -0.065971542857687 -0.030197481377836 -0.116246654130172
  0.126981700322980 -0.236341293641310 -0.075719772512626 -0.055496813203895
  0.100476891374531 -0.003441335838434  0.005399502177182 -0.001958166338748
 -0.004904803109759  0.002761400346305  0.001847347038897 -0.033671924466628
  0.065971542857687  0.030197481377836  0.116246654130172  0.126981700322980
  0.236341293641310  0.075719772512626  0.055496813203895  0.100476891374531
  0.003441335838434 -0.005399502177182  0.001958166338748  0.004904803109759
  0.002761400346305  0.001847347038897  0.000000000000000  0.000000000000000
 -0.013950907198470 -0.067255541618158  0.013950907198470  0.067255541618158
  0.051710675608111  0.122561123153641  0.005462262057058  0.067904076039126
 -0.008039198671656 -0.001815034579870 -0.051710675608111 -0.122561123153641
  0.008039198671656  0.001815034579870 -0.005462262057058 -0.067904076039126
   27 Orbital Energy    -0.018905 Occupation  0.000000 Symmetry Ap      
  0.019347825905306 -0.047475498596070  0.045142698783490 -0.030534078480166
  0.000000000000000 -0.087682845432680  0.037392015229873 -0.027419626661369
  0.000000000000000  0.000007492980318  0.001054796784688 -0.001062289765005
 -0.002010465069885 -0.000000000000000 -0.000000000000000  0.025240886593383
 -0.181352632597467  0.037030059565073 -0.038679984502434 -0.000000000000000
  0.009412250133818 -0.061938896977631  0.067039666828016  0.000000000000000
  0.948893530328391 -0.208409278552238  0.202258757025811  0.000000000000000
  0.001022817558729 -0.007397022337520  0.006374204778790  0.009699014915931
  0.000000000000000  0.000000000000000 -0.004907831177234  0.014829495414388
 -0.017067535815070  0.032031631685063  0.000000000000000  0.001415553729667
  0.008802818229364 -0.002427715661044  0.000000000000000 -0.001358877925133
  0.000631093243573  0.000727784681561  0.001434020765834  0.000000000000000
  0.000000000000000  0.007173801948936 -0.010951076547087  0.009171188959015
 -0.003899815767105  0.000000000000000 -0.069550487846181  0.004581651063874
  0.010168898914973  0.000000000000000  0.000002704269193  0.000752699283776
 -0.000755403552969 -0.002249470558964 -0.000000000000000 -0.000000000000000
  0.006892872495958 -0.010535722619701  0.013632902547511 -0.002877206937451
 -0.008501899236736 -0.064393663392622  0.007533381898209  0.008214965018081
 -0.008978648294665 -0.001222507615428  0.002080949193211 -0.000858441577783
 -0.001369138238307  0.000533935352422 -0.000634102793133  0.006892872495958
 -0.010535722619701  0.013632902547511 -0.002877206937451  0.008501899236736
 -0.064393663392622  0.007533381898209  0.008214965018081  0.008978648294665
 -0.001222507615428  0.002080949193211 -0.000858441577783 -0.001369138238307
 -0.000533935352422  0.000634102793133  0.009552620310580  0.044949436622369
 -0.003292062530263  0.010782806542086 -0.003292062530263  0.010782806542086
  0.010462814662401  0.041649288580950 -0.003760991245451  0.009144904784935
 -0.005994527473401  0.006104155808878  0.010462814662401  0.041649288580950
 -0.005994527473401  0.006104155808878 -0.003760991245451  0.009144904784935
   28 Orbital Energy     0.025352 Occupation  0.000000 Symmetry Ap      
 -0.004491793560890  0.008323822602822  0.083176748851530  0.045821702766722
  0.000000000000000  0.036098088558871  0.070331229662017  0.038815028801215
  0.000000000000000  0.003243093406579 -0.003515160134767  0.000272066728188
 -0.001896362277217  0.000000000000000 -0.000000000000000 -0.000894487526490
 -0.001138142482793  0.042132360251680  0.035348535371594  0.000000000000000
 -0.060227732369498  0.018425088306502  0.058690702686353  0.000000000000000
  0.065639721131659 -0.715673267912624 -0.776788492545665 -0.000000000000000
  0.021341155648043 -0.023098518660568  0.001757363012526  0.002635850575707
  0.000000000000000 -0.000000000000000  0.001989142817997 -0.002528245874064
 -0.001716992395798 -0.017331881425695 -0.000000000000000 -0.022982563059893
  0.061810480878123  0.003588343851874  0.000000000000000 -0.004938173268399
  0.003697713218839  0.001240460049560  0.002466044144481 -0.000000000000000
  0.000000000000000  0.003493637016390 -0.003930769918635  0.041840290718989
  0.021257343483531  0.000000000000000 -0.056223941940611  0.057772635337252
  0.035787896351592  0.000000000000000 -0.000692237429724 -0.001027069332942
  0.001719306762666  0.000934713932059  0.000000000000000  0.000000000000000
  0.007407229839343 -0.015206283208603  0.048617857888424  0.016421319444998
 -0.019011403302546 -0.046323340221899  0.050582354912062  0.008773101093677
 -0.023373543739251 -0.001804416719388  0.000054763792478  0.001749652926910
 -0.001448822582796  0.000198208323665  0.000811171570949  0.007407229839343
 -0.015206283208603  0.048617857888424  0.016421319444998  0.019011403302546
 -0.046323340221899  0.050582354912062  0.008773101093677  0.023373543739251
 -0.001804416719388  0.000054763792478  0.001749652926910 -0.001448822582796
 -0.000198208323665 -0.000811171570949 -0.005421986960181  0.010917045973777
  0.004864025378198  0.008112980555184  0.004864025378198  0.008112980555184
  0.001200020558945 -0.007285794762621  0.004870817128581 -0.000370926031970
 -0.004146747939851 -0.009632150216473  0.001200020558945 -0.007285794762621
 -0.004146747939851 -0.009632150216473  0.004870817128581 -0.000370926031970
   29 Orbital Energy     0.025464 Occupation  0.000000 Symmetry App     
  0.000000000000000  0.000000000000000  0.000000000000000  0.000000000000000
  0.102827966228439  0.000000000000000  0.000000000000000  0.000000000000000
  0.089809784035528  0.000000000000000 -0.000000000000000 -0.000000000000000
 -0.000000000000000  0.002176825048686 -0.003876831907743  0.000000000000000
  0.000000000000000  0.000000000000000  0.000000000000000  0.054467351602179
  0.000000000000000  0.000000000000000  0.000000000000000  0.053618830678644
  0.000000000000000 -0.000000000000000 -0.000000000000000 -1.051699035988520
  0.000000000000000 -0.000000000000000 -0.000000000000000  0.000000000000000
  0.017880609200909 -0.019672196593636  0.000000000000000  0.000000000000000
 -0.000000000000000 -0.000000000000000 -0.011266084808766  0.000000000000000
  0.000000000000000  0.000000000000000  0.064689359898772 -0.000000000000000
  0.000000000000000  0.000000000000000  0.000000000000000 -0.001727291247105
  0.006003282801066  0.000000000000000  0.000000000000000  0.000000000000000
  0.000000000000000  0.022343951552131  0.000000000000000  0.000000000000000
  0.000000000000000  0.008287859496181  0.000000000000000  0.000000000000000
  0.000000000000000  0.000000000000000  0.002254426975707  0.001439153517823
 -0.004354875191132  0.011448801938253 -0.020489485088836 -0.001204068806519
  0.053420125902051  0.004818597192079 -0.035306804316187 -0.001236775495908
  0.061795870915578 -0.000086761894258 -0.000994442924926  0.001081204819185
  0.001147083567677  0.001960619657297  0.000680666299520  0.004354875191132
 -0.011448801938253  0.020489485088836  0.001204068806519  0.053420125902051
 -0.004818597192079  0.035306804316187  0.001236775495908  0.061795870915578
  0.000086761894258  0.000994442924926 -0.001081204819185 -0.001147083567677
  0.001960619657297  0.000680666299520  0.000000000000000  0.000000000000000
 -0.005377064476131 -0.015676528711239  0.005377064476131  0.015676528711239
 -0.005100962688389  0.004846642432580  0.006668225585407  0.016320434324239
  0.001520129562751 -0.000394589573439  0.005100962688389 -0.004846642432580
 -0.001520129562751  0.000394589573439 -0.006668225585407 -0.016320434324239
   30 Orbital Energy     0.044426 Occupation  0.000000 Symmetry Ap      
 -0.025895994942974  0.066477276957343 -0.008652978347537  0.052416246045481
  0.000000000000000  0.114914555609128  0.041934294074399  0.015139043534760
  0.000000000000000 -0.000251911254442 -0.000394335759380  0.000646247013821
  0.000567038804826  0.000000000000000  0.000000000000000 -0.007874791090039
  0.082677904092928  0.007636031148554 -0.008869478949128 -0.000000000000000
  0.202410111296799  0.201934052960012 -0.218411973627480 -0.000000000000000
 -0.613346597935954 -0.864328678413144  0.916986654802010  0.000000000000000
  0.015188178705324  0.025138427594808 -0.040326606300132 -0.069010746531840
 -0.000000000000000 -0.000000000000000  0.000569196297961 -0.014334836969711
  0.017485595956553 -0.027281079141216 -0.000000000000000  0.051548271954751
 -0.038551298913578  0.074181075313001  0.000000000000000 -0.000254473680590
  0.000031336172177  0.000223137508413  0.000125359702251  0.000000000000000
  0.000000000000000 -0.031992521244331  0.046765871376761  0.044074392552675
  0.026773357076566  0.000000000000000  0.345634709766474  0.028372419965513
  0.010724178890577  0.000000000000000  0.002889703574823 -0.003723523835549
  0.000833820260726  0.002939942307436  0.000000000000000 -0.000000000000000
 -0.035138836916634  0.053075839691327 -0.026564263428347 -0.004951805176775
  0.042991295276206  0.359147168196260 -0.007788601177235 -0.010014917812696
  0.021827793220858  0.000691374417605 -0.003431380782570  0.002740006364965
  0.002839370320889 -0.001032913327909 -0.000663488858351 -0.035138836916634
  0.053075839691327 -0.026564263428347 -0.004951805176775 -0.042991295276206
  0.359147168196260 -0.007788601177235 -0.010014917812696 -0.021827793220858
  0.000691374417605 -0.003431380782570  0.002740006364965  0.002839370320889
  0.001032913327909  0.000663488858351 -0.015773895415337 -0.102961098226012
 -0.002093567660739 -0.027390431922893 -0.002093567660739 -0.027390431922893
 -0.016341846802430 -0.108216369558850 -0.002749351797394 -0.018024243528368
 -0.001226403870639 -0.007213319816071 -0.016341846802430 -0.108216369558850
 -0.001226403870639 -0.007213319816071 -0.002749351797394 -0.018024243528367
   31 Orbital Energy     0.118250 Occupation  0.000000 Symmetry Ap      
 -0.017652408068022  0.034999341005471 -0.031446164449948  0.000689214203042
 -0.000000000000000  0.135854491780721 -0.011105678218404 -0.026158859625815
 -0.000000000000000  0.000396657755536 -0.000834245304518  0.000437587548982
  0.000873964240407  0.000000000000000  0.000000000000000 -0.029930692518854
  0.015316772574363 -0.041200581835781  0.050308516534857  0.000000000000000
 -1.651482834193557  0.267365971921037 -0.343921671563543 -0.000000000000000
  1.344931309591629 -0.276672309877451  0.403053069612973  0.000000000000000
 -0.005888963380012  0.017952427219812 -0.012063463839800 -0.016518022644812
 -0.000000000000000 -0.000000000000000  0.016656650345547 -0.033390506214100
  0.013168236621559 -0.047689063315552 -0.000000000000000 -0.196195788484266
 -0.001262300352674 -0.042765352724930 -0.000000000000000  0.000937905398154
  0.000306332997625 -0.001244238395780 -0.002681565864721 -0.000000000000000
 -0.000000000000000  0.031845801878260 -0.037034663051579 -0.057420164480799
 -0.019331841509456 -0.000000000000000 -0.480882231338816 -0.195910914632430
 -0.080818530262889 -0.000000000000000 -0.004048316862260  0.001002886229515
  0.003045430632745  0.003335915047221  0.000000000000000  0.000000000000000
  0.034732957664318 -0.042607245637468  0.020349878857889  0.014938389278970
 -0.046450569423886 -0.504483052336265  0.081323704096146  0.028605629134118
 -0.162237763762459  0.002437240866490 -0.002615545393752  0.000178304527262
  0.000390097583093  0.000306734748674  0.003771922194850  0.034732957664318
 -0.042607245637468  0.020349878857889  0.014938389278970  0.046450569423886
 -0.504483052336265  0.081323704096146  0.028605629134118  0.162237763762459
  0.002437240866490 -0.002615545393752  0.000178304527262  0.000390097583093
 -0.000306734748674 -0.003771922194850 -0.009855596879142  0.168897778520198
  0.014776962848075  0.311060982860781  0.014776962848075  0.311060982860781
 -0.010639910418632  0.167261468279849  0.015940602100215  0.317763909457135
  0.015489513398925  0.291671427558163 -0.010639910418632  0.167261468279849
  0.015489513398925  0.291671427558163  0.015940602100215  0.317763909457135
   32 Orbital Energy     0.149036 Occupation  0.000000 Symmetry Ap      
  0.024867268291979 -0.071242957261455 -0.027446287609906  0.105195792022731
  0.000000000000000 -0.092240071342362  0.035421821335632  0.035495990523799
  0.000000000000000  0.000673894789223 -0.003208455858354  0.002534561069132
  0.003141211672803  0.000000000000000  0.000000000000000  0.004898618215960
  0.041628712329601  0.004518957720177  0.013737135323624  0.000000000000000
  0.637223409706304  0.053310817828147 -0.201069287378469 -0.000000000000000
 -0.753377137631668 -0.216879344402641  0.374155158533224  0.000000000000000
  0.002441500411544  0.029571299774416 -0.032012800185959 -0.054021345447570
 -0.000000000000000 -0.000000000000000  0.017814014643835 -0.000544505239437
 -0.024157462036451  0.086174004381742  0.000000000000000 -0.553171166021976
 -0.014398667135189  0.060713521007860  0.000000000000000  0.005420888841948
 -0.016864641880079  0.011443753038131  0.015284005357513  0.000000000000000
  0.000000000000000  0.034038457810570 -0.040056019665283 -0.110958733744124
  0.176309908987682  0.000000000000000 -0.574604972958841 -0.448526170592118
  0.481846963037942  0.000000000000000 -0.003406436485843  0.003112567491459
  0.000293868994384 -0.004644994441227 -0.000000000000000  0.000000000000000
  0.024783886773906 -0.029503864880387 -0.078891431968252  0.188216499845634
 -0.017411593142301 -0.456003495248923 -0.167902106478216  0.623958904599323
 -0.180264398849865  0.001099769695643  0.003714283756154 -0.004814053451797
 -0.002852416921369  0.002570910305963  0.001953367107528  0.024783886773906
 -0.029503864880387 -0.078891431968252  0.188216499845634  0.017411593142301
 -0.456003495248923 -0.167902106478216  0.623958904599323  0.180264398849865
  0.001099769695643  0.003714283756154 -0.004814053451797 -0.002852416921369
 -0.002570910305963 -0.001953367107528  0.038301781647452  1.066881940328571
 -0.000791560943534  0.090216104884068 -0.000791560943534  0.090216104884068
  0.039236419087572  1.032266935846312 -0.003729081550692  0.039619893228296
  0.000987357866270  0.064795364485264  0.039236419087572  1.032266935846312
  0.000987357866270  0.064795364485264 -0.003729081550692  0.039619893228296
   33 Orbital Energy     0.169645 Occupation  0.000000 Symmetry Ap      
 -0.028381075184081  0.073707828357149  0.034755221928742 -0.036038960399752
 -0.000000000000000  0.137126329139140 -0.002056664371793  0.043374614543598
  0.000000000000000  0.006187940109178 -0.010601100993340  0.004413160884162
  0.003856596994674  0.000000000000000 -0.000000000000000  0.003121223128871
  0.046983678966063  0.145173203294354  0.002179755117331  0.000000000000000
  0.545354039129998 -0.874411747757505 -0.066197259678720 -0.000000000000000
 -0.767921820117161  0.305722540326065  0.351673401780700  0.000000000000000
  0.012030939989586  0.019397572977427 -0.031428512967013 -0.047179010981338
 -0.000000000000000 -0.000000000000000  0.025772839443797 -0.055120476577288
  0.061560846587632 -0.037246558513357  0.000000000000000 -0.261959488837714
 -0.024206199447981  0.289516079404038  0.000000000000000 -0.006672922348228
  0.018946075884610 -0.012273153536382 -0.012054802740137 -0.000000000000000
  0.000000000000000  0.066694136318722 -0.082245338171333 -0.092762607057429
 -0.094415330969688 -0.000000000000000 -1.020630989366906 -0.293779934172894
 -0.440958253992273 -0.000000000000000 -0.004013829995609 -0.002281867594796
  0.006295697590405  0.005951148766496  0.000000000000000  0.000000000000000
  0.014436182490155 -0.026892806615831  0.003200673863021 -0.056355940834262
 -0.053753047592478 -0.165939363363265  0.186730853655736 -0.203953673582140
 -0.325844614731459  0.008151143467821 -0.009513286628686  0.001362143160865
  0.006883563482480  0.000174429760209  0.007400224434571  0.014436182490155
 -0.026892806615831  0.003200673863021 -0.056355940834262  0.053753047592478
 -0.165939363363265  0.186730853655736 -0.203953673582140  0.325844614731459
  0.008151143467821 -0.009513286628686  0.001362143160865  0.006883563482480
 -0.000174429760209 -0.007400224434571 -0.025202738392398  0.088141196628251
  0.036556401258325  0.785004629440976  0.036556401258325  0.785004629440976
 -0.050608476754715 -0.255933828445812  0.029632764060556  0.491202801958920
  0.040190417416921  0.339220335924133 -0.050608476754715 -0.255933828445812
  0.040190417416921  0.339220335924133  0.029632764060556  0.491202801958920
   34 Orbital Energy     0.172054 Occupation  0.000000 Symmetry App     
  0.000000000000000  0.000000000000000 -0.000000000000000 -0.000000000000000
 -0.053345411290625  0.000000000000000 -0.000000000000000 -0.000000000000000
 -0.048529651169615 -0.000000000000000  0.000000000000000  0.000000000000000
 -0.000000000000000 -0.006853524714865  0.005963039953965  0.000000000000000
  0.000000000000000 -0.000000000000000 -0.000000000000000 -0.201951145845592
  0.000000000000000  0.000000000000000  0.000000000000000  1.244736118902495
  0.000000000000000 -0.000000000000000 -0.000000000000000 -0.731736236869253
 -0.000000000000000  0.000000000000000  0.000000000000000 -0.000000000000000
 -0.034175464209334  0.029390414538157  0.000000000000000  0.000000000000000
 -0.000000000000000 -0.000000000000000 -0.059247100042608  0.000000000000000
 -0.000000000000000 -0.000000000000000 -0.280203791657828  0.000000000000000
 -0.000000000000000  0.000000000000000  0.000000000000000  0.005909211991674
 -0.003791477349178  0.000000000000000  0.000000000000000  0.000000000000000
  0.000000000000000  0.107219607765371  0.000000000000000  0.000000000000000
  0.000000000000000  0.325393190610374  0.000000000000000 -0.000000000000000
  0.000000000000000  0.000000000000000  0.003222923947637 -0.002499569437250
 -0.029830764286488  0.022979702589030  0.021900217455132  0.012325933875669
  0.074714539525661  0.564743830892431  0.085214947482236  0.148941045802345
  0.119784984833797  0.002113312366415 -0.004000897410565  0.001887585044149
 -0.000778005784704  0.000293606818017  0.001888628247191  0.029830764286488
 -0.022979702589030 -0.021900217455132 -0.012325933875669  0.074714539525661
 -0.564743830892431 -0.085214947482236 -0.148941045802345  0.119784984833797
 -0.002113312366415  0.004000897410565 -0.001887585044149  0.000778005784704
  0.000293606818017  0.001888628247191  0.000000000000000  0.000000000000000
  0.003511225691621  0.304511294975074 -0.003511225691621 -0.304511294975074
 -0.011001064089743 -0.130077057178399 -0.005905781003791 -0.397602185038135
 -0.001600072048155 -0.056805645180532  0.011001064089743  0.130077057178399
  0.001600072048155  0.056805645180532  0.005905781003791  0.397602185038135
   35 Orbital Energy     0.175625 Occupation  0.000000 Symmetry Ap      
 -0.013356686565980  0.038264799597239 -0.043466084098015 -0.042466155882308
 -0.000000000000000  0.042487934832303 -0.078279955763221  0.012917699240495
 -0.000000000000000 -0.006548832047918  0.004633515409877  0.001915316638041
  0.004586651839983 -0.000000000000000  0.000000000000000  0.001864732480089
  0.030710264857305 -0.084542697245525 -0.163992150798685 -0.000000000000000
  0.340678691355770  0.532329245623113  1.004815622105002  0.000000000000000
 -0.506462131161274 -0.492693591360598 -0.405078484564832 -0.000000000000000
 -0.033430167759352  0.050719625798451 -0.017289458039098 -0.035139051244141
 -0.000000000000000  0.000000000000000 -0.001616250810086 -0.008676017564747
 -0.052086227259527 -0.041877744691232 -0.000000000000000  0.094351382210936
 -0.159546441770201  0.087151738461120 -0.000000000000000  0.001992548804324
  0.006880246286767 -0.008872795091091 -0.007565940029102 -0.000000000000000
 -0.000000000000000 -0.005135759547444  0.008881770108070 -0.024359538664707
 -0.021790943069515 -0.000000000000000  0.035951230041537 -0.129965688565404
 -0.220280189391440 -0.000000000000000 -0.004840870600523 -0.002296753264891
  0.007137623865414  0.005967455607701  0.000000000000000  0.000000000000000
  0.049216222241404 -0.060325431008308 -0.003858549695143 -0.001893057481167
 -0.056883274599187 -0.730234697935522  0.026330288823401 -0.159771050116423
 -0.219150824594141 -0.001028128618542 -0.005744096234326  0.006772224852868
  0.004138724746735  0.002347651755299  0.003988358750191  0.049216222241404
 -0.060325431008308 -0.003858549695143 -0.001893057481167  0.056883274599187
 -0.730234697935522  0.026330288823401 -0.159771050116423  0.219150824594141
 -0.001028128618542 -0.005744096234326  0.006772224852868  0.004138724746735
 -0.002347651755299 -0.003988358750191 -0.034004007073120 -0.191001420510988
  0.023650005206835  0.186483446608954  0.023650005206835  0.186483446608954
 -0.029583405347890  0.124798505306797  0.048721302225557  0.642632505021894
  0.007434122643663  0.258832032321510 -0.029583405347890  0.124798505306797
  0.007434122643663  0.258832032321510  0.048721302225557  0.642632505021894
   36 Orbital Energy     0.184965 Occupation  0.000000 Symmetry Ap      
 -0.000828060949502  0.008933115793458  0.002341341784513 -0.017995086122735
 -0.000000000000000 -0.033148924824207 -0.000770585478929 -0.016388048618728
 -0.000000000000000  0.001448960784225 -0.000475454157393 -0.000973506626831
  0.000065935492144  0.000000000000000 -0.000000000000000  0.001070331769100
  0.016071311984547 -0.030151995789470 -0.031070884375896 -0.000000000000000
  0.197617257416789  0.182684918548392  0.127571671197541  0.000000000000000
 -0.246115066344158 -0.068257800568735  0.075899978149406  0.000000000000000
 -0.029687913624050  0.063705875850537 -0.034017962226488  0.016268489099770
 -0.000000000000000  0.000000000000000  0.004863366884627 -0.006169748617644
  0.083431836841093  0.040410522036405  0.000000000000000 -0.085588454604906
 -0.022656641327503  0.092348772088685  0.000000000000000 -0.012184792178020
 -0.004252673253777  0.016437465431797 -0.014642241675233 -0.000000000000000
  0.000000000000000  0.055705330929171 -0.089338882544332  0.048511589322598
  0.010556191917377  0.000000000000000 -0.593148638047609  0.073309991348223
 -0.027585629144832  0.000000000000000  0.002914213208647 -0.006852578107727
  0.003938364899081  0.008859217091349  0.000000000000000  0.000000000000000
 -0.015286582969639  0.026584237765142  0.220652343590079  0.085353801031300
  0.080424969219556  0.124045217367172  0.787272385099158  0.269337906060147
  0.263353598673940  0.014456779640682 -0.000932740798920 -0.013524038841761
 -0.000514156709043 -0.002166081980956 -0.005133472327108 -0.015286582969639
  0.026584237765142  0.220652343590079  0.085353801031300 -0.080424969219556
  0.124045217367172  0.787272385099158  0.269337906060147 -0.263353598673940
  0.014456779640682 -0.000932740798920 -0.013524038841761 -0.000514156709043
  0.002166081980956  0.005133472327108 -0.032975910076858  0.173744982385563
  0.017571100710366  0.279837027888567  0.017571100710366  0.279837027888567
  0.001660607462564 -0.146405232062869 -0.069358743751560 -0.871957121487215
  0.080163156771738  1.055944944892623  0.001660607462564 -0.146405232062869
  0.080163156771738  1.055944944892623 -0.069358743751560 -0.871957121487215
&
&hess
   1
   1  1.506262E-01
   2 -1.594040E-01  3.843066E-01
   3 -1.763488E-05  1.249117E-05  6.644153E-02
   4 -2.707809E-02  3.071267E-02  1.310326E-06  3.234715E-02
   5  2.671902E-02 -3.702891E-02  1.389446E-09 -3.503080E-02  4.134200E-02
   6 -1.668503E-05 -1.026767E-06 -3.226383E-03  8.545745E-06  2.610434E-05
   7 -1.121543E-01  6.935941E-02  7.793989E-06 -6.928903E-03  6.213010E-03
   8  7.215135E-02 -2.407179E-01 -9.403683E-06  4.992756E-03 -6.550299E-03
   9  2.558988E-06  7.470839E-07 -8.194231E-02  2.264754E-07 -1.527020E-06
  10 -2.416850E-02  2.206511E-02 -1.508494E-06  5.810699E-04 -3.800686E-04
  11  4.597777E-02 -1.686564E-02  1.052917E-06  1.913211E-04  2.665544E-04
  12 -1.291463E-07 -2.483539E-07  3.750318E-03  7.691842E-08 -1.774461E-07
  13  3.930163E-03  1.594670E-02 -1.276472E-02  9.437431E-04  4.656540E-04
  14  4.197907E-03 -4.535983E-02  2.887794E-02 -1.285617E-03  9.117128E-04
  15 -4.127452E-03  1.019871E-02  2.894586E-03  1.936673E-04 -3.145412E-04
  16  3.930011E-03  1.594671E-02  1.276388E-02  9.435859E-04  4.656843E-04
  17  4.200760E-03 -4.536314E-02 -2.887742E-02 -1.285789E-03  9.119360E-04
  18  4.129527E-03 -1.020088E-02  2.894849E-03 -1.937580E-04  3.148920E-04
  19 -1.119052E-02  3.609846E-03 -5.103844E-07  1.764244E-04 -4.196593E-04
  20  1.998098E-03  2.170555E-03 -4.016663E-08 -3.361968E-04  3.045948E-04
  21 -6.061445E-07 -3.307237E-07  2.212473E-03  5.127943E-08 -3.353025E-09
  22  4.214949E-03 -9.234133E-05 -2.386806E-03 -9.149172E-05  4.357158E-05
  23  3.145929E-04  1.295499E-03 -1.189432E-03  2.425274E-05 -7.228117E-05
  24 -1.397959E-04 -2.130670E-03  1.069347E-03  1.077648E-04  1.639101E-04
  25  4.214404E-03 -9.151634E-05  2.387125E-03 -9.159311E-05  4.343591E-05
  26  3.154980E-04  1.292704E-03  1.188310E-03  2.442928E-05 -7.194960E-05
  27  1.399343E-04  2.130892E-03  1.068379E-03 -1.077686E-04 -1.638300E-04
  28  2.290786E-03 -2.013930E-03  1.363435E-03 -6.712325E-05 -1.723245E-04
  29 -6.391621E-04 -4.453066E-03  6.139789E-03 -7.144108E-04  5.244661E-04
  30  3.813907E-04  7.852709E-03 -4.311410E-03  5.573926E-04 -2.454541E-04
  31 -6.545582E-04  1.235003E-03 -6.534046E-04  3.064163E-06 -2.945734E-05
  32 -7.186103E-04  2.593650E-03 -9.577104E-04  1.489142E-04 -1.495988E-04
  33  5.376163E-04  1.390640E-04  4.777071E-03 -1.100760E-04  1.914788E-05
  34  3.754503E-03 -5.039132E-04 -8.773415E-04 -3.265043E-04 -3.541725E-04
  35  1.133021E-03  1.823263E-03 -1.219056E-03  4.782506E-06 -3.809285E-04
  36 -1.706642E-03 -3.170489E-03  1.406518E-03 -2.009687E-04  7.941875E-05
  37  2.290208E-03 -2.013255E-03 -1.363204E-03 -6.709223E-05 -1.724336E-04
  38 -6.388848E-04 -4.452910E-03 -6.139662E-03 -7.143445E-04  5.243849E-04
  39 -3.812039E-04 -7.851556E-03 -4.310745E-03 -5.572534E-04  2.451811E-04
  40  3.754696E-03 -5.038859E-04  8.778568E-04 -3.265277E-04 -3.542051E-04
  41  1.132801E-03  1.823355E-03  1.219328E-03  4.919161E-06 -3.809973E-04
  42  1.706643E-03  3.170428E-03  1.405864E-03  2.008092E-04 -7.954578E-05
  43 -6.546138E-04  1.234232E-03  6.529073E-04  3.141091E-06 -2.957183E-05
  44 -7.187643E-04  2.594943E-03  9.569848E-04  1.487822E-04 -1.496286E-04
  45 -5.373124E-04 -1.388924E-04  4.778152E-03  1.099307E-04 -1.908898E-05
   6
   6  1.224383E-03
   7 -1.859723E-07  4.804180E-01
   8 -1.055733E-06 -1.174712E-02  4.976785E-01
   9 -1.149637E-03 -3.689131E-06 -3.400666E-06  4.738375E-01
  10  7.757831E-08 -1.550123E-01 -2.153534E-02 -1.202023E-06  4.439260E-01
  11  4.994339E-07 -2.286141E-02 -6.984574E-02 -3.855531E-07 -6.431957E-03
  12  7.293826E-05 -1.013242E-05  1.269306E-06 -7.484441E-02  2.612005E-06
  13 -5.238477E-04 -8.330936E-02 -1.648814E-02  2.681331E-02 -1.668672E-02
  14  5.393741E-04 -1.512291E-02 -7.912759E-02  2.784973E-02 -7.767877E-03
  15  3.822997E-04  2.575558E-02  2.882214E-02 -1.359172E-01  5.126371E-03
  16  5.234750E-04 -8.331014E-02 -1.648570E-02 -2.680995E-02 -1.668822E-02
  17 -5.389527E-04 -1.512386E-02 -7.912381E-02 -2.784505E-02 -7.768430E-03
  18  3.823656E-04 -2.576032E-02 -2.881678E-02 -1.359165E-01 -5.129080E-03
  19 -2.894058E-07 -2.013487E-03  2.936704E-02 -5.230051E-07 -9.694772E-02
  20  1.045682E-07 -2.797727E-03  2.686258E-04  1.599563E-07  9.799076E-02
  21 -2.606424E-06  3.948712E-07  1.271802E-07 -2.480303E-03  3.375432E-06
  22  4.322797E-05 -9.819787E-03 -1.850518E-02  2.826110E-02 -6.856981E-02
  23  7.322558E-05 -1.693301E-05 -3.950402E-03  3.216991E-03 -3.889465E-02
  24 -1.257391E-04 -1.696699E-03  1.242903E-03 -1.945024E-03  6.295477E-02
  25 -4.335576E-05 -9.816797E-03 -1.850488E-02 -2.826070E-02 -6.856461E-02
  26 -7.299446E-05 -1.931857E-05 -3.946930E-03 -3.214578E-03 -3.890164E-02
  27 -1.257098E-04  1.696335E-03 -1.243886E-03 -1.945126E-03 -6.295850E-02
  28  1.456632E-04  2.202807E-03 -7.099286E-03 -2.016661E-03 -4.119788E-04
  29  1.452091E-04  8.920146E-03 -1.197308E-02 -6.981945E-03  2.009523E-04
  30 -3.056722E-04 -1.375840E-02  1.801655E-02  5.708752E-03 -3.180261E-05
  31 -2.856542E-04  1.372117E-03  4.745554E-03  8.583278E-03  6.594309E-04
  32 -1.608556E-04  4.476475E-03  6.247953E-03  1.380159E-02  8.557988E-04
  33 -2.191822E-04 -7.946814E-03 -1.740369E-02 -2.360969E-02 -1.237753E-03
  34  2.154400E-04 -1.344887E-02  1.876932E-03 -1.784456E-03  8.783496E-04
  35  1.565651E-04 -1.693521E-02 -1.995059E-03 -4.588498E-04 -2.762877E-04
  36  1.718003E-04  2.825705E-02  1.733765E-03 -1.003074E-03  7.522600E-04
  37 -1.455430E-04  2.203398E-03 -7.099574E-03  2.016236E-03 -4.119761E-04
  38 -1.449008E-04  8.920463E-03 -1.197342E-02  6.982684E-03  2.006963E-04
  39 -3.055027E-04  1.375913E-02 -1.801763E-02  5.709617E-03  3.183182E-05
  40 -2.152423E-04 -1.344932E-02  1.876331E-03  1.785317E-03  8.778950E-04
  41 -1.564644E-04 -1.693488E-02 -1.995395E-03  4.584352E-04 -2.766123E-04
  42  1.718718E-04 -2.825708E-02 -1.733849E-03 -1.002060E-03 -7.526285E-04
  43  2.854726E-04  1.371667E-03  4.746148E-03 -8.583726E-03  6.593296E-04
  44  1.612691E-04  4.475626E-03  6.245945E-03 -1.380339E-02  8.555329E-04
  45 -2.192147E-04  7.948147E-03  1.740432E-02 -2.361152E-02  1.237741E-03
  11
  11  5.762681E-01
  12 -5.795013E-07  5.801713E-01
  13 -1.753458E-02  2.868280E-02  5.657685E-01
  14 -2.095725E-04  5.914476E-03 -1.849041E-02  5.395876E-01
  15  1.353949E-03 -3.836297E-03  3.077728E-02  5.798960E-02  4.920366E-01
  16 -1.753654E-02 -2.868259E-02  2.507587E-03  2.337258E-03  8.256780E-03
  17 -2.092462E-04 -5.913789E-03  2.337217E-03  9.692731E-03  1.012303E-02
  18 -1.354307E-03 -3.836523E-03 -8.255879E-03 -1.012191E-02 -3.379341E-02
  19  9.752395E-02  1.301206E-06  2.308837E-04  4.138615E-04  3.131611E-04
  20 -2.565241E-01  3.141131E-06 -1.075674E-04 -3.907109E-04  1.704379E-04
  21  8.690231E-07 -4.957664E-02  6.125100E-04 -2.489646E-04 -3.162123E-04
  22 -3.826161E-02  6.343297E-02 -7.014886E-03  3.727934E-04 -1.297709E-03
  23 -1.141878E-01  1.068207E-01 -1.369121E-03  1.639972E-04 -7.998143E-04
  24  1.068868E-01 -2.221873E-01  1.172699E-03 -5.052953E-04  1.111565E-03
  25 -3.826216E-02 -6.343510E-02  9.527080E-04  8.055032E-05 -1.702709E-03
  26 -1.141793E-01 -1.068317E-01 -1.200110E-04 -4.363462E-04 -6.127255E-04
  27 -1.068877E-01 -2.221898E-01  5.271136E-04  5.562027E-04  8.017074E-04
  28 -5.264196E-04  1.777735E-04 -9.323068E-02  9.584799E-02 -1.516619E-03
  29 -5.057074E-04 -2.852338E-04  9.571419E-02 -2.605180E-01  4.535032E-03
  30 -1.395362E-04  4.625940E-04 -1.386115E-03  4.318526E-03 -5.052851E-02
  31  8.913802E-04  1.101779E-03 -6.833252E-02 -3.632920E-02 -6.024539E-02
  32  3.908085E-04 -5.275291E-05 -3.558920E-02 -1.127667E-01 -1.089265E-01
  33 -8.104592E-04  2.747497E-04 -6.076424E-02 -1.089316E-01 -2.232769E-01
  34 -1.953886E-03  3.600091E-03 -3.052092E-01 -2.453297E-02 -1.246522E-03
  35 -1.967515E-03  2.834027E-03 -2.488537E-02 -5.002696E-02 -1.918752E-03
  36  2.930124E-03 -4.672964E-03 -1.130445E-03 -9.335455E-04 -4.626688E-02
  37 -5.262258E-04 -1.776460E-04 -1.296279E-04  4.387282E-04  2.847387E-04
  38 -5.057577E-04  2.849727E-04  2.843692E-04 -7.902473E-06  5.179676E-04
  39  1.394707E-04  4.624580E-04  4.883809E-04 -1.136282E-04 -2.471063E-04
  40 -1.953869E-03 -3.600297E-03  9.978809E-05  8.170561E-05  6.576982E-04
  41 -1.967511E-03 -2.833826E-03  3.504558E-04 -6.815379E-05  9.604519E-04
  42 -2.929960E-03 -4.672869E-03 -1.770133E-03 -2.334480E-04  1.152949E-03
  43  8.914757E-04 -1.102207E-03 -4.458975E-04 -6.966113E-04 -1.329134E-03
  44  3.908262E-04  5.295566E-05 -4.159139E-04 -1.218614E-03 -2.131054E-03
  45  8.107231E-04  2.749769E-04 -2.734829E-03 -4.986776E-03 -4.254005E-03
  16
  16  5.657732E-01
  17 -1.849387E-02  5.395917E-01
  18 -3.077767E-02 -5.799381E-02  4.920297E-01
  19  2.309514E-04  4.138659E-04 -3.130346E-04  1.022396E-01
  20 -1.072485E-04 -3.906216E-04 -1.704480E-04 -1.090469E-01  2.797727E-01
  21 -6.128405E-04  2.491313E-04 -3.162856E-04 -5.147087E-06 -4.013922E-06
  22  9.526125E-04  8.063799E-05  1.702860E-03  3.899781E-03  6.580232E-03
  23 -1.205487E-04 -4.366909E-04  6.132915E-04 -9.694224E-03 -1.349717E-02
  24 -5.270972E-04 -5.562175E-04  8.015655E-04 -9.716980E-04 -1.511391E-03
  25 -7.015525E-03  3.727226E-04  1.297558E-03  3.899203E-03  6.578553E-03
  26 -1.368047E-03  1.634589E-04  7.991363E-04 -9.692813E-03 -1.349374E-02
  27 -1.173646E-03  5.047473E-04  1.111555E-03  9.717300E-04  1.512205E-03
  28 -1.296624E-04  4.388393E-04 -2.847364E-04 -4.856818E-04 -5.180964E-04
  29  2.844835E-04 -7.712080E-06 -5.182155E-04 -1.065732E-03  7.180337E-04
  30 -4.883753E-04  1.135432E-04 -2.469092E-04  8.321751E-04  7.904308E-05
  31 -4.460342E-04 -6.966422E-04  1.329302E-03 -2.932417E-05  4.459954E-05
  32 -4.166279E-04 -1.219485E-03  2.131125E-03 -9.888673E-05 -3.952344E-05
  33  2.733956E-03  4.986039E-03 -4.253158E-03 -4.758592E-05  1.216737E-04
  34  9.986219E-05  8.162893E-05 -6.576705E-04  5.126033E-04  9.395374E-05
  35  3.502646E-04 -6.848014E-05 -9.603841E-04 -1.918430E-04  2.769962E-04
  36  1.770077E-03  2.335373E-04  1.153076E-03 -3.583110E-04 -1.358455E-04
  37 -9.322746E-02  9.585185E-02  1.517234E-03 -4.856655E-04 -5.181336E-04
  38  9.571556E-02 -2.605186E-01 -4.533624E-03 -1.065708E-03  7.180356E-04
  39  1.386059E-03 -4.317389E-03 -5.052690E-02 -8.321491E-04 -7.913153E-05
  40 -3.052093E-01 -2.453401E-02  1.246352E-03  5.125569E-04  9.389144E-05
  41 -2.488640E-02 -5.002687E-02  1.920308E-03 -1.918910E-04  2.769558E-04
  42  1.129968E-03  9.338940E-04 -4.626622E-02  3.583523E-04  1.358421E-04
  43 -6.833602E-02 -3.632747E-02  6.024483E-02 -2.932189E-05  4.463798E-05
  44 -3.558565E-02 -1.127693E-01  1.089220E-01 -9.898477E-05 -3.950455E-05
  45  6.076343E-02  1.089300E-01 -2.232754E-01  4.754616E-05 -1.216380E-04
  21
  21  4.874503E-02
  22 -1.291186E-02  7.518759E-02
  23  2.406041E-02  4.445099E-02  1.208479E-01
  24  1.156885E-03 -6.898211E-02 -1.180537E-01  2.393816E-01
  25  1.290932E-02  2.298898E-03  5.786218E-03  8.033038E-03  7.519204E-02
  26 -2.405552E-02  5.787290E-03  9.017149E-03  1.433458E-02  4.446248E-02
  27  1.156930E-03 -8.034743E-03 -1.433446E-02 -2.029932E-02  6.899296E-02
  28  5.529656E-04  1.800995E-04  1.708940E-04 -2.288367E-04 -4.503010E-05
  29  3.119440E-04 -7.031128E-05  4.416538E-04 -7.046143E-05  7.082379E-05
  30 -7.422161E-05 -3.489658E-04 -3.324435E-04  4.602673E-05  8.199796E-05
  31  4.959559E-05  7.928432E-05  4.315934E-05 -3.017398E-04 -2.807541E-04
  32 -8.085164E-05  2.749386E-04  6.695881E-05 -2.319764E-05 -3.730583E-05
  33  2.592058E-06 -8.319578E-05  2.194393E-04  4.853299E-04  1.259910E-03
  34 -2.078100E-04 -1.108635E-03 -4.096900E-04  3.422224E-04  3.821278E-04
  35  6.369745E-05 -1.214156E-03  3.027646E-04  3.445879E-04  4.002763E-04
  36 -7.699804E-05  2.018188E-03  5.843178E-04  7.531000E-05  7.866061E-05
  37 -5.529307E-04 -4.507300E-05 -3.163305E-05  2.871241E-05  1.801776E-04
  38 -3.120500E-04  7.068361E-05 -1.730477E-05 -1.002241E-04 -7.010778E-05
  39 -7.429276E-05 -8.206352E-05  1.176910E-04 -2.266812E-05  3.490036E-04
  40  2.077728E-04  3.821660E-04  1.832624E-04  1.348444E-04 -1.108881E-03
  41 -6.381918E-05  4.001748E-04  1.205949E-04 -6.764312E-05 -1.214028E-03
  42 -7.705283E-05 -7.848283E-05 -2.903647E-04  1.522243E-04 -2.018167E-03
  43 -4.959067E-05 -2.805039E-04 -4.585105E-04 -8.946670E-05  7.935711E-05
  44  8.077984E-05 -3.692774E-05  1.183730E-04  1.066618E-04  2.749598E-04
  45  2.585968E-06 -1.259941E-03 -6.767360E-04  4.731300E-04  8.342201E-05
  26
  26  1.208181E-01
  27  1.180626E-01  2.393903E-01
  28 -3.166153E-05 -2.869399E-05  9.772050E-02
  29 -1.744293E-05  1.001993E-04 -1.066057E-01  2.839071E-01
  30 -1.176675E-04 -2.264378E-05  1.521362E-03 -5.032392E-03  5.004075E-02
  31 -4.584252E-04  8.962894E-05  3.605953E-03  6.586119E-03  1.266050E-02
  32  1.182538E-04 -1.066691E-04 -9.603885E-03 -1.358229E-02 -2.426305E-02
  33  6.761742E-04  4.730110E-04  1.021191E-03  1.593135E-03  1.553717E-03
  34  1.833928E-04 -1.349716E-04 -1.172071E-02 -2.211297E-03 -9.774132E-05
  35  1.205281E-04  6.759570E-05  3.042314E-02  4.380627E-03  2.352424E-04
  36  2.900730E-04  1.522653E-04 -4.139945E-04 -1.678255E-04 -1.330345E-03
  37  1.706690E-04  2.288355E-04  3.803563E-04 -1.982320E-04  6.721194E-05
  38  4.414348E-04  7.049615E-05 -1.981885E-04  1.039049E-03 -3.382523E-04
  39  3.322491E-04  4.601226E-05 -6.722031E-05  3.382899E-04 -1.282748E-03
  40 -4.090282E-04 -3.421759E-04 -5.279164E-06 -1.325312E-04  4.681490E-05
  41  3.030560E-04 -3.445363E-04  1.441929E-04 -4.254010E-05 -2.096088E-05
  42 -5.839035E-04  7.531179E-05  2.352778E-05 -1.266004E-05 -3.174420E-05
  43  4.295692E-05  3.018476E-04 -8.706444E-05 -2.422248E-04  1.662366E-04
  44  6.697461E-05  2.308097E-05 -1.881232E-04  2.346288E-04 -2.565181E-04
  45 -2.196639E-04  4.853701E-04 -1.733017E-04 -6.381654E-05  5.140744E-04
  31
  31  7.099380E-02
  32  4.084938E-02  1.196761E-01
  33  6.428082E-02  1.187786E-01  2.445873E-01
  34 -7.801179E-03 -7.796672E-05  6.568441E-04  3.328742E-01
  35 -1.683279E-02 -1.918468E-03  1.019344E-03  2.758441E-02  4.953136E-02
  36 -2.740657E-02 -1.276932E-03  6.593131E-04 -5.724457E-04 -9.676095E-05
  37 -8.704245E-05 -1.881304E-04  1.732404E-04 -5.265560E-06  1.442225E-04
  38 -2.422510E-04  2.346189E-04  6.388609E-05 -1.325158E-04 -4.255208E-05
  39 -1.662444E-04  2.564395E-04  5.140604E-04 -4.680292E-05  2.086206E-05
  40  4.275046E-04  1.345812E-05  1.771295E-06  8.673762E-04  2.957521E-04
  41  2.123916E-05 -1.433249E-04  1.485386E-04  2.956963E-04  3.679177E-04
  42  3.545176E-04  4.170348E-05  4.183379E-04  7.549018E-04  6.420902E-05
  43  7.538270E-04  8.103572E-05 -5.554690E-04  4.274999E-04  2.131927E-05
  44  8.108236E-05  7.371565E-04 -7.874573E-04  1.347918E-05 -1.433531E-04
  45  5.556172E-04  7.881210E-04 -2.160275E-03 -1.719803E-06 -1.485397E-04
  36
  36  5.067554E-02
  37 -2.355415E-05  9.771004E-02
  38  1.264061E-05 -1.066106E-01  2.839108E-01
  39 -3.171811E-05 -1.519961E-03  5.033529E-03  5.004093E-02
  40 -7.549063E-04 -1.171900E-02 -2.211417E-03  9.786528E-05  3.328772E-01
  41 -6.423964E-05  3.042212E-02  4.380227E-03 -2.350644E-04  2.758621E-02
  42 -8.907972E-04  4.137048E-04  1.679404E-04 -1.330518E-03  5.723005E-04
  43 -3.544950E-04  3.606036E-03  6.586855E-03 -1.266151E-02 -7.802370E-03
  44 -4.179167E-05 -9.603839E-03 -1.358372E-02  2.426472E-02 -7.853675E-05
  45  4.184619E-04 -1.021563E-03 -1.594197E-03  1.554720E-03 -6.572484E-04
  41
  41  4.953010E-02
  42  9.760815E-05  5.067021E-02
  43 -1.683389E-02  2.740766E-02  7.099192E-02
  44 -1.918436E-03  1.277180E-03  4.084479E-02  1.196905E-01
  45 -1.019739E-03  6.588367E-04 -6.428401E-02 -1.187773E-01  2.445836E-01
&
&rwr_svd
     1     1     0     1
     1     2     0     1
     1     2     1     1
&
&valid
version=1.0
geometry
atom_num=15
   8    -0.1063762476     0.6379791819     0.0000000000
  11    -1.5287805839     2.1213769387     0.0000000000
   6     0.4553248555    -0.6127303484     0.0000000000
   6     2.0009121287    -0.5218594305     0.0000000000
   6     0.0283231704    -1.4218605381     1.2491709483
   6     0.0283231704    -1.4218605381    -1.2491709483
   1     2.4862972281    -1.5091504137     0.0000000000
   1     2.3402336369     0.0269911360    -0.8876414420
   1     2.3402336369     0.0269911360     0.8876414420
   1     0.4759641041    -2.4258229271     1.2822439376
   1     0.3251459746    -0.8849383817     2.1588157291
   1    -1.0638799249    -1.5353698717     1.2621891251
   1     0.4759641041    -2.4258229271    -1.2822439376
   1    -1.0638799249    -1.5353698717    -1.2621891251
   1     0.3251459746    -0.8849383817    -2.1588157291
end
molecule
molchg=0
multip=1
qs_cuts=   0    0    0
end
basis
name=6-31g*                          
numd=5
atom_basis_num=0
end
&
