MAEFILE: O-tBu.01.mae
&gen 
dftname=b3pw91-d3 
basis=6-31g* 
numd=5 
ip11=2 
iaccg=3 
isolv=2 
igeopt=1 
ifreq=1 
molchg=-1 
solvent=benzene 
esolv0=    -232.96097841705
nogas=1
&
&zmat
 O2              -0.8785109723            1.1418934234            2.8406053371
 C104            -1.1135068249            2.0547739069            3.7885992738
 C105            -1.0484057886            1.4558403067            5.2366930246
 C106            -0.0816647773            3.2359446442            3.7630980120
 C107            -2.5305978130            2.7145302383            3.6572862546
 H108            -0.0533197519            1.0191272733            5.3979549191
 H109            -1.2405667191            2.1853183270            6.0424034864
 H110            -1.7848543538            0.6453910455            5.3239131517
 H111            -2.6108211958            3.1952862109            2.6725246021
 H112            -3.2972969654            1.9290821593            3.7069447612
 H113            -2.7586230415            3.4693894717            4.4301437302
 H114            -0.2500641978            4.0063886363            4.5354907768
 H115             0.9308035058            2.8308506098            3.8965502314
 H116            -0.1171723322            3.7222579774            2.7784443335
&
&guess  basgss=ps_6-31g* numd=5
    1 Orbital Energy   -18.882293 Occupation  1.000000
  0.995216376825435  0.029378076637026 -0.000313510807814  0.001217610329045
  0.001264351990481 -0.021606214666304  0.001292921141249 -0.005020720646695
 -0.005215409611567  0.000368112684843 -0.000161592797118 -0.000206519887725
  0.000168703538097  0.000175294828638 -0.000680506880994 -0.000109456708545
 -0.001437430155411  0.000096248796812 -0.000372643990023 -0.000387416090028
  0.014646198345776  0.001617475120816 -0.006290795206799 -0.006525122800585
 -0.000038372971558  0.000016690005997  0.000021682965562 -0.000017228367732
 -0.000018620459749  0.000071136176844  0.000020025278998 -0.000195014606278
 -0.000025229843156  0.000033591219100  0.000406969429190 -0.000903460095176
 -0.000255465324687  0.001001378534112  0.001107559068966 -0.000070975421320
  0.000381132140577 -0.000310156719258 -0.000114461890269  0.000023368807952
 -0.000061786111142  0.000020467160969 -0.000189113006988  0.000147420907860
  0.000352671073307  0.000142625797916 -0.000911040983294 -0.000226633720276
  0.001057404903707  0.001056719928247  0.000131341544691 -0.000257424156954
  0.000126082612263 -0.000098020319229 -0.000319723404214 -0.000061010154786
  0.000019828718329 -0.000195509913357 -0.000291368490163  0.000257539913075
  0.000124524331942 -0.000897009855508 -0.000303915158194  0.001052344111953
  0.001047632967113 -0.000041042298337 -0.000133262300723  0.000174304599059
  0.000219912397657  0.000304260729870  0.000087704260763  0.000085467513406
 -0.000010976124107 -0.000168192022536 -0.000079575265839  0.000086259804785
 -0.000001419973788  0.000085722556728 -0.000018793573731  0.000084817976290
  0.000006582411851 -0.000168433445816 -0.000082743082977 -0.000166561325900
 -0.000077606467715  0.000086632159714 -0.000005382310544  0.000086609126650
 -0.000004098742570
    2 Orbital Energy   -10.092273 Occupation  1.000000
 -0.000032032919410  0.000175508170821 -0.000098807022173  0.000384602094042
  0.000399302270848 -0.001475791660260 -0.000123038984771  0.000475002341398
  0.000492618199863 -0.000739972716075  0.000325344412563  0.000414628303511
 -0.000339350244762 -0.000352184714309  0.001368007111393 -0.995689284992380
 -0.038931130333999 -0.000009773064270  0.000037698393137  0.000037823318697
  0.038355310805184 -0.001200206838935  0.004658261227387  0.004848341325476
  0.000423954919393 -0.000186221385324 -0.000237733534069  0.000193867039040
  0.000202099326298 -0.000783807216409 -0.001382893362133  0.000999093327378
  0.000038108111806 -0.000160856766209 -0.000077445828635 -0.010006114157651
  0.000240659699688 -0.001995687817974  0.004191055842564 -0.000293098811052
 -0.000324974807473  0.000618073618525  0.000024071998527  0.000027180119659
 -0.000338077344917 -0.001376432057189  0.000996549325283  0.000080002893763
 -0.000083157174827 -0.000141895251789 -0.009992846572364  0.003166163266567
  0.003386113711963 -0.000265875555849  0.000029774796353  0.000327635372959
 -0.000357410169311  0.000571541955322  0.000112251584461  0.000030446239959
 -0.001378676051449  0.000998992661279 -0.000026456504147 -0.000104645086330
 -0.000147019635246 -0.009997794394291 -0.004242187491779  0.001802437619517
 -0.000581080580917  0.000458888610315 -0.000088675068410 -0.000370213541905
 -0.000504810523247 -0.000045561656350 -0.000054074685384  0.000485411826187
  0.000122100378645  0.000445891639934 -0.000000830398441  0.000485025117653
  0.000116711846981  0.000484798964821  0.000127316045353  0.000484446743533
  0.000109912834134  0.000445173815777  0.000000147580396  0.000444164677974
  0.000000083774770  0.000484289344199  0.000117646260834  0.000484716951963
  0.000118423917167
    3 Orbital Energy   -10.050380 Occupation  1.000000
  0.000000176964475  0.000004093490747 -0.000140612097112 -0.000033940580488
 -0.000001905580087 -0.000018488142049  0.000314478226071  0.000069804870342
  0.000001009571321 -0.000086828066535  0.000103849623668 -0.000017021557133
  0.000274727872388 -0.000101155302852 -0.000002989565893  0.000003108950409
  0.000001131504205 -0.000164350031831 -0.000040231063202 -0.000001275123425
  0.000001140195853  0.002915207294852  0.000705070760551  0.000013976986500
  0.000271485753977 -0.000307316267390  0.000035830513413 -0.000774962557699
  0.000054202997142 -0.000037878880994 -0.034818076455831 -0.001324592563849
 -0.000277244307926 -0.000067298153570 -0.000014273881215  0.001155381349186
  0.001979384848335  0.000490421732796  0.000048934901122 -0.000049298045656
  0.000056783682695 -0.000007485637039  0.000147219711433 -0.000099671210243
 -0.000019768774696  0.720230092952900  0.027371582788546 -0.000167784208105
  0.000110989975782  0.000037867298162 -0.023636602012221  0.001674638448995
  0.000008735348101 -0.000073325860850 -0.000120384159508  0.000044842199168
  0.000075541960340 -0.000040974975751  0.000007922666679  0.000009721557139
 -0.686262440629131 -0.026076094295995 -0.000109513010612 -0.000181384255927
 -0.000030624226001  0.022511746677037  0.001523366029064  0.000784140503584
  0.000096897934478  0.000121019675858 -0.000042575812995 -0.000078443862864
  0.000052464664926  0.000023081641642  0.000004690730068 -0.000100369352116
 -0.001415145684758  0.000009062628435 -0.000222376137952  0.000129471439413
  0.001039970327961  0.000236216549313 -0.004341782214817  0.000359912998797
 -0.003026775212241  0.000187930451487 -0.004358890288026 -0.000194561710304
  0.004566814417105 -0.000366074295465  0.003304271095342 -0.000261419514699
  0.004440932257435
    4 Orbital Energy   -10.050362 Occupation  1.000000
 -0.000000623576388 -0.000269217759417  0.000044316611320 -0.000181125842301
 -0.000014664520270 -0.000111760946522 -0.000067388686268  0.000276273293006
 -0.000099822518352  0.000204611016898 -0.000001899443200 -0.000202711573699
  0.000035507794430 -0.000000706195189  0.000114367414397 -0.001302193687199
 -0.000386885218641  0.000020885919304 -0.000094627978149  0.000103206834658
  0.003505826008899 -0.000375351399588  0.001659391585243 -0.001856149520572
 -0.000575905538834 -0.000122393365579  0.000698298904414 -0.000081722690904
 -0.000052689530176 -0.000062120844748 -0.368790123843470 -0.014887471244320
  0.000057128600125 -0.000236907550977  0.000082691848323  0.014281797781578
 -0.000414371899245  0.001734589587529 -0.000627312329916  0.000002502834194
  0.000061248625981 -0.000063751460176 -0.000017242668791  0.000029378041195
 -0.000105154836807  0.628354686678111  0.023011658622531  0.000203558706588
  0.000000685936825  0.000148716743797 -0.018459131098321 -0.000826068462264
  0.001076038065743 -0.000778289788168  0.000122328681605 -0.000085916273984
 -0.000036412407621 -0.000078807506858  0.000013320238999  0.000053609240789
  0.678166303102919  0.024902146091894 -0.000189968596485 -0.000073266548332
  0.000130756920515 -0.020079683460780  0.000272784906052  0.001285234751128
 -0.000718966355844  0.000032572707788  0.000001355534082 -0.000033928241870
  0.000134598304547 -0.000027835956248  0.000055685661646  0.000073410740906
 -0.001867078546457 -0.000120863661114 -0.003043328119534  0.000066687611114
 -0.001948160175982 -0.000465666395080  0.002846562608627 -0.000303754035688
  0.004587276154984 -0.000405626336171  0.003605065572047 -0.000392492347725
  0.003301032698094 -0.000277998768561  0.004364544471949 -0.000446805306890
  0.002527663117745
    5 Orbital Energy   -10.050265 Occupation  1.000000
 -0.000000944554829 -0.000418916827521  0.000025793545552 -0.000096438492886
 -0.000212432143856 -0.000161709033197 -0.000005910522091  0.000017449464494
  0.000269295650682 -0.000124751295996 -0.000001709991780  0.000126461287776
 -0.000020066466136  0.000004694177432 -0.000090139821061 -0.002016277538521
 -0.000595788689438 -0.000015510584995  0.000068000398755 -0.000059887619955
  0.005404532734622  0.000286424451909 -0.001240461934337  0.001025893134226
  0.000122078268361  0.000190530451074 -0.000312608719436 -0.000063361538463
 -0.000085821585578  0.000505209739100  0.923854014735835  0.033770123381855
 -0.000001623838759 -0.000060708051004  0.000196728157119 -0.026972551528539
 -0.000031001278494  0.000253900561644  0.000494845762602  0.000039342274228
  0.000065581827926 -0.000104924102154 -0.000003306787428 -0.000001248549305
  0.000025875107129  0.277784638241611  0.009214463483192  0.000123781926383
  0.000191683082850 -0.000180751248682 -0.005761427557129 -0.000384640251176
 -0.000474744083696  0.001543350781120 -0.000020008070996 -0.000048116665991
  0.000068124736986 -0.000009161663055 -0.000080365406017 -0.000109945715132
  0.244661726042683  0.007956064164311 -0.000180721269046  0.000120983256474
 -0.000196432341036 -0.004683987551096  0.000482509115950 -0.000270686842786
  0.001586545470192 -0.000041441460584 -0.000038295017882  0.000079736478466
  0.000023979545543  0.000108296506123 -0.000067632674385 -0.000542621910730
  0.005046234483743 -0.000593033164943  0.004796603612709 -0.000539058979440
  0.005102805536636 -0.000192425966804  0.001988038036712 -0.000296366497506
  0.000861566227972 -0.000408298995377  0.000480684909640 -0.000417812199354
  0.000694749671155 -0.000313870770903  0.001004554513369 -0.000203825478652
  0.002192043505372
    6 Orbital Energy    -0.793353 Occupation  1.000000
  0.172432538642757 -0.368686389679053  0.021729094281025 -0.084414013733275
 -0.087658415190495 -0.377268384509557  0.008464122555925 -0.032921700878430
 -0.034139194396501  0.005741066870967 -0.002521715201585 -0.003219351669382
  0.002632969156225  0.002731587763471 -0.010619123689349  0.123227465557810
 -0.235485802135901 -0.020222758845853  0.078550695627852  0.081530663710281
 -0.114399139484719  0.003288146067316 -0.012802971869579 -0.013400838207681
  0.008350548564979 -0.003669432726411 -0.004681115838568  0.003824725452248
  0.003969104106963 -0.015437282338946  0.038186910362766 -0.070603399880573
  0.000047787037074 -0.007358020001955  0.034900852551686 -0.050150505636431
 -0.001623785758852  0.005700907279130  0.009234638354754  0.002100528855763
  0.002431696032132 -0.004532224887895 -0.000176203192204 -0.000084437720631
  0.001946932301999  0.038148213434166 -0.070531313158957  0.019909818718014
  0.029208668559650  0.004598116681958 -0.050161244723968 -0.000050522924503
  0.008561221924312  0.006888893205103  0.000059621907638 -0.002496085844586
  0.002436463936948 -0.003891306563204 -0.000931908718028 -0.000554777750185
  0.038147713947599 -0.070530298528784 -0.030379325715424  0.018502585287712
  0.002459536428929 -0.050166106079664 -0.004013889689610  0.007740974244741
  0.006733573202126 -0.002994062748961  0.000429346809635  0.002564715939327
  0.003680600316235  0.000625551450083  0.000135381021203 -0.017636567589461
 -0.002494734356744 -0.015211423403767 -0.003617882171158 -0.017615486018491
 -0.002487754955007 -0.017601470820999 -0.002488975596580 -0.017616160097794
 -0.002467471916665 -0.015180590777514 -0.003630632993959 -0.015202873373666
 -0.003608154114645 -0.017599010966121 -0.002486964254747 -0.017584490620739
 -0.002466898487718
    7 Orbital Energy    -0.641882 Occupation  1.000000
  0.105761757500482 -0.230503572580175  0.005228486076034 -0.020287448620160
 -0.021016602638174 -0.255844236759148  0.001257889842694 -0.004927586598654
 -0.005073097869273  0.000839897816804 -0.000372804233898 -0.000467093582905
  0.000381790628685  0.000399089169151 -0.001548270309543 -0.055967669444330
  0.103580086164747 -0.029700840611004  0.115677168936934  0.120335567638944
  0.097960309145317 -0.006879997140752  0.026940877187796  0.027933264733251
  0.007799680448476 -0.003435416810933 -0.004364263637544  0.003589270394744
  0.003722780999658 -0.014430710909377 -0.096073039404007  0.180693349847476
 -0.004761137331805  0.024181258456148 -0.006946888184365  0.161383403715702
 -0.002416818229363  0.009411349504607  0.009874881501171  0.000198787352364
  0.001137472035764 -0.001336259388128 -0.000182401464834  0.000310135085558
 -0.001178910467533 -0.095949063098154  0.180487941342592 -0.019781972253853
 -0.003440348956639  0.015924875449965  0.161097040963380 -0.002348171789870
  0.009529157213868  0.009858381227824  0.000977691733170 -0.001116410629734
  0.000138718896565 -0.000061447726502 -0.000918895998628 -0.001132887409253
 -0.095764976282389  0.180151866777154  0.018136439273056  0.004656489707634
  0.017438920305649  0.160787116814416 -0.002561668438110  0.009445517249059
  0.009786502301875  0.000408940391741 -0.000721820578397  0.000312880186656
  0.000957568239470  0.001321288649441 -0.000606729060146  0.055984436257138
  0.013941793814219  0.066309327154171  0.016661838047566  0.055896205773404
  0.013904151279785  0.055802258993029  0.013921932895316  0.055669034020771
  0.013802063140641  0.066065510265678  0.016616518490609  0.066238601453484
  0.016584491183006  0.055881925565615  0.013935953985307  0.055811285920794
  0.013902343305286
    8 Orbital Energy    -0.583618 Occupation  1.000000
  0.000100159211290 -0.000218279138024 -0.017005428688847  0.012341951106913
 -0.016112611989597 -0.000272640984155 -0.006841348311858  0.004939718013686
 -0.006462288158509  0.000821387489387  0.001360212384068 -0.002181599873455
 -0.001486133234908 -0.000847104430327 -0.000072408655605 -0.000080433095873
  0.000171539307280 -0.083134302914847  0.060453432752911 -0.078586370411290
  0.000170590093857 -0.018385857388293  0.013401439459778 -0.017434353882137
  0.009222019078295  0.000317556473191 -0.009539575551486 -0.005689154362627
  0.000349042662468  0.003863808474260  0.133707563486763 -0.253464711192871
 -0.019176976021702  0.018274999289080 -0.026409181629718 -0.255838289442114
 -0.008542086055641  0.004909066864700 -0.020257459920151 -0.002150962553058
 -0.000581112328355  0.002732074881412 -0.000726590190868  0.001513801042674
 -0.002888338098871  0.010513821256983 -0.019928616790532 -0.019011728699903
  0.012855230327949 -0.017397169835159 -0.020131413113961 -0.009681299253012
  0.006088948220295 -0.009299686229520  0.001485975502268 -0.001335020874003
 -0.000150954628266  0.000555658482231  0.000808814025909  0.000970299754065
 -0.144550706591744  0.274037872551814 -0.028470121961801  0.017307987833740
 -0.019407115828473  0.276621775013634 -0.017647280110717  0.015088159965596
 -0.004349656466536 -0.002929484918700  0.001012013915195  0.001917471003505
  0.002958132643097 -0.001941307888599  0.000635655713016 -0.102917763131836
 -0.032183781938660 -0.092756568342233 -0.025714770159252 -0.091813993388915
 -0.028189927155761  0.109625267630814  0.034195674045439  0.100800841122180
  0.031003419457129  0.100248430376081  0.027817659158388 -0.007295634479742
 -0.002035963746436 -0.017642123238034 -0.006018097631814  0.002321900452287
  0.001256278663517
    9 Orbital Energy    -0.583583 Occupation  1.000000
  0.000031031138761 -0.000058499374729 -0.019747941360917 -0.014876364811381
  0.009425988399378 -0.000111435867025 -0.007928172941198 -0.005983088481013
  0.003772025794881  0.000532457935582 -0.001833219285531  0.001300761349949
 -0.001378125301423 -0.001428725066818 -0.000493909932884  0.000006462074203
 -0.000034106413620 -0.096540405237606 -0.072726850279634  0.046080269405759
  0.000082112931630 -0.021369686057495 -0.016091493619787  0.010218925035426
 -0.000782091373610 -0.005651903060232  0.006433994433841 -0.010279404252304
  0.000639799196054 -0.003078660684929 -0.089547174479132  0.169753048044689
 -0.020997815232091 -0.019414299614634  0.016244694767752  0.171339234467414
 -0.011524582317200 -0.006984160054632  0.012842127571811  0.001587409115998
  0.000063768710530 -0.001651177826528 -0.000389185580861  0.001312620926312
  0.002388522470215  0.160658181583647 -0.304571799120982 -0.030074781748233
 -0.024749006513685  0.011370266885542 -0.307485710392385 -0.015078392186755
 -0.020236342436727 -0.000479645071735  0.001219633183959  0.001171825535095
 -0.002391458719054  0.004325226462803 -0.000941985618194 -0.000661564326644
 -0.071128222374905  0.134844471896574 -0.026359680870538 -0.014204648928940
  0.009288688101467  0.136099924447580 -0.014995286906169 -0.004185146325361
  0.007423615034991 -0.002864760260565  0.001758395018723  0.001106365241842
  0.000339324638265  0.000244788256894 -0.000374763678310  0.056822558057037
  0.017121142669142  0.062178479479259  0.017280232782884  0.073503821833888
  0.023228947542339  0.042730856329735  0.012712218486410  0.060684083978103
  0.019257664264922  0.049445306162844  0.013799424034153 -0.111482742778768
 -0.030909000968441 -0.116313309076566 -0.036038461661696 -0.117549272090201
 -0.036423135789957
   10 Orbital Energy    -0.412019 Occupation  1.000000
  0.062844260249010 -0.140271389749754 -0.015059715285669  0.058570720308963
  0.060828443590945 -0.180437598058383 -0.010747036553652  0.041739194049619
  0.043407806835410 -0.003093303369899  0.001364719991095  0.001728583378804
 -0.001409128218769 -0.001464434792276  0.005702779975270 -0.130431913824822
  0.278233891309323 -0.021457575406257  0.083571260953568  0.086854608619478
  0.209217932179162 -0.011751215598563  0.045939263900338  0.047576784063856
  0.002118284190934 -0.000929834141843 -0.001188450049091  0.000976882253172
  0.001016975052707 -0.003915945918439  0.033927714748841 -0.066632577516048
 -0.015242737136424  0.107321060412787 -0.171903323216094 -0.068254088980537
 -0.005826630865983  0.042922292492352 -0.075495150941603 -0.006604936792042
 -0.002028365611267  0.008633302403309 -0.000796580217582  0.001140300872197
 -0.008897200741892  0.033950885540900 -0.066649914769179 -0.147805331777550
 -0.136300519245411  0.029784226001314 -0.068489228090378 -0.061896907540892
 -0.060284553729125  0.009933706590145  0.002868698409279  0.003282534012670
 -0.006151232421949  0.010983709905267 -0.001642423205252 -0.001105726912465
  0.033942069613642 -0.066626144824467  0.187296655646168 -0.064932054140725
  0.044063965795573 -0.068432126675130  0.080001563688798 -0.030085172475293
  0.015965892178888  0.009642514359995 -0.003864304884848 -0.005778209475147
 -0.007501806965436  0.003334308844775 -0.000943167721207 -0.075010290195636
 -0.052513660119185 -0.059605312957967 -0.041956589592687 -0.075457796199236
 -0.052841580691877 -0.074938452242098 -0.052491320814257 -0.075273266882504
 -0.052693193045569 -0.059759632127105 -0.042070083011341 -0.059509918555561
 -0.041901538492962 -0.075336352323950 -0.052744109393483 -0.075245541529206
 -0.052621772003089
   11 Orbital Energy    -0.335311 Occupation  1.000000
 -0.000009598581950 -0.000000444353855 -0.067275942832426  0.030369773642043
 -0.045932795817889  0.000150261412453 -0.041368020310240  0.018709804493727
 -0.028214275123934  0.001215834817919  0.003472706757605 -0.004688541575524
 -0.004252295986872 -0.003796261756538 -0.001191684845728 -0.000032878370186
  0.000054201920624 -0.163765934361354  0.074022325415473 -0.111774590036888
  0.000120754450965 -0.041384112561013  0.018819828872493 -0.028098530149303
 -0.004277759542015  0.003843808579004  0.000433950963011  0.000543168740484
 -0.003974293498465 -0.003127170070760 -0.009762425730192  0.019258773805882
 -0.202777449485571 -0.050388977141000  0.116186036140669  0.021557415597494
 -0.099526948723656 -0.033131562494832  0.067034697268696 -0.003662364540103
  0.005283768832630 -0.001621404292528  0.007371029972429 -0.000361564236202
  0.004517381161162 -0.003579946403975  0.007053472177460 -0.143260326830290
  0.178409792721270 -0.164251895541303  0.007982658910016 -0.067884292834662
  0.091447596093327 -0.083024159970021 -0.008830742758015 -0.001941042230806
  0.010771784988822  0.004138715960550 -0.000169579873269 -0.002395391895564
  0.013313776266757 -0.026250339953919  0.163795414531630 -0.045675128890764
 -0.075922479292887 -0.029549111288365  0.096814626954806 -0.026440664501891
 -0.032094861281514  0.003422013451382 -0.002889890337802 -0.000532123113579
 -0.003455131515937  0.000477073549477 -0.005211374688201 -0.085441732149944
 -0.081790232040526  0.061604579483044  0.046051268158657  0.120349489943322
  0.090529561919578  0.014063781787922  0.025768179033325 -0.061802720983233
 -0.037823955603009 -0.083876569327685 -0.062671103219818  0.022375760376202
  0.016719789995904 -0.133918892190705 -0.115902656864071  0.146608225218172
  0.118972467771331
   12 Orbital Energy    -0.335173 Occupation  1.000000
  0.000139774722327 -0.000303922156087  0.052990858303082  0.056025753330504
 -0.040439891962949 -0.000500868145072  0.032603270534730  0.034457505957235
 -0.024901545859109 -0.001749624470258  0.005813466052382 -0.004063841582124
  0.001766947420630  0.004299221517562  0.000828419137035 -0.000000217419049
  0.000013532969770  0.128979846554989  0.135606356513516 -0.099123155003035
 -0.000026234868020  0.032574064830609  0.034192568409927 -0.025010072090822
 -0.003216061578074  0.002158949397935  0.001057112180139 -0.003816784206112
  0.004504932120133 -0.001573089661126 -0.009729875404767  0.019222422185305
  0.195989393820906  0.033627085347646  0.132324445641856  0.021503579080202
  0.098878192944981  0.008807884060785  0.075166083820627  0.002965058684285
 -0.001197133651426 -0.001767925032858 -0.008998904878832 -0.001265302576115
  0.003482803711613  0.013256023364446 -0.026162220843718 -0.123049455320730
 -0.108031255972145 -0.088361248043137 -0.029230888884764 -0.074256542142825
 -0.063413829321313 -0.039542105270536 -0.000081428525158  0.000523458672061
 -0.000442030146904  0.005387641649139  0.001823601110888 -0.004484505595201
 -0.003583075643381  0.007068730645106  0.070709545930884  0.224130311067365
 -0.155890420705237  0.007919919024975  0.031069597031942  0.112638055931602
 -0.079096690649285 -0.005070100173877 -0.005662602219561  0.010732702393438
 -0.005448505777913 -0.000582350886316 -0.003165175739896  0.121099491724234
  0.091180367276380  0.060221575595279  0.044778684171954 -0.084861665727522
 -0.081297633860930  0.147834838962807  0.120067488558336 -0.133148809924741
 -0.115247929933133  0.021105406254886  0.015551040446954 -0.084052337796425
 -0.062950247143606 -0.061224212429040 -0.037274227291586  0.013633598179842
  0.025396632665305
   13 Orbital Energy    -0.330405 Occupation  1.000000
  0.053432712510584 -0.115176444691364 -0.019435882497064  0.073789174304025
  0.077297531758968 -0.196615075440249 -0.010855855645844  0.041111946702012
  0.043108072015689 -0.001849522671246  0.000781614661476  0.001067908009769
 -0.000874322189623 -0.000910332843415  0.003440373649929 -0.026952300064621
  0.058988379246796  0.014726212107119 -0.060838412838736 -0.062010989199527
  0.071961392546608  0.003163424699420 -0.013173648474520 -0.013353803914722
  0.006077079567818 -0.002648867369924 -0.003428212197894  0.002781093142451
  0.002893691077650 -0.011238321396754 -0.005737034824769  0.013986675822769
  0.046757411556187 -0.202913359395966 -0.099921178316770  0.016899073591460
  0.020608080683562 -0.092761285940622 -0.029466364732646  0.008481155863480
 -0.003067694675503 -0.005413461187977  0.003467186157151  0.002525385091991
 -0.008345469950959 -0.005796199778358  0.014005189458456  0.099530931268938
 -0.105796555946890 -0.177451266144010  0.017167626173219  0.052229267998564
 -0.034271768250351 -0.076324646576699  0.004835518113733 -0.003027950959963
 -0.001807567153770 -0.000488012478083  0.004328064829339 -0.010792963877642
 -0.005761473675168  0.013971041453372 -0.031881147456365 -0.135259503708375
 -0.183157884532473  0.017139212257460 -0.026985774820043 -0.052126475555126
 -0.079590513617026  0.003137948554784 -0.000937003134110 -0.002200945420674
  0.004711725513993  0.001064504000098 -0.011231358293127  0.074598192445689
  0.060306268926442 -0.139129869775552 -0.144650678923407  0.075903100144190
  0.061374877874357  0.073961550816805  0.059875691802826  0.076012403623356
  0.061271352053672 -0.138422440360011 -0.144212868130923 -0.137816183434783
 -0.143644489105882  0.075158266374920  0.060796719779931  0.074975448111262
  0.060466428292127
   14 Orbital Energy    -0.294609 Occupation  1.000000
  0.000155034999196 -0.000376010130033  0.066600081702046  0.024462695490021
 -0.006363353761394 -0.000362743867169  0.040443137565080  0.014934225610842
 -0.003794931689384 -0.001407754353672  0.002119333349193 -0.000711578995521
  0.003705043948146  0.002181510187252  0.000820899879162 -0.000189125776685
  0.000448787745638  0.079104341084133  0.028462439908156 -0.008064262356065
  0.000260801013646  0.037779322615391  0.013860244726521 -0.003638345762256
  0.002231011400294 -0.002015765267916 -0.000215246132378  0.001456274388186
 -0.012856633489068 -0.001815823341344  0.000505366172305 -0.001613724728408
 -0.133351727748346  0.024902044452421  0.032045189426150 -0.000682406409585
 -0.075185515398130  0.009709110540400  0.013954770152970 -0.003573342790814
  0.001848597706186  0.001724745084628  0.004424316549171 -0.004704153255854
  0.002151317286425 -0.002500183854382  0.007975768016977  0.072536550439632
 -0.164838410722002 -0.263926373340216  0.003381228055829  0.035206261415946
 -0.073720484152552 -0.128777324719470  0.006988905569454 -0.006094222415518
 -0.000894683153936  0.000415665238966  0.000769542668429 -0.016698326656079
  0.001993982397111 -0.006319427324673 -0.037597983315858  0.103964688577158
  0.240961863356254 -0.002844181890798 -0.017936972724892  0.042598938280729
  0.119932617078418 -0.001726228278618  0.002608284644062 -0.000882056365444
 -0.003683250498784 -0.006240734762568  0.013091650818548 -0.083420179073610
 -0.070067060597277  0.041649927886722  0.039450237893540  0.047936031077545
  0.038851094517754 -0.112279742158130 -0.096440317625141 -0.026454982482520
 -0.025463873028296  0.163413843018264  0.154838078504413 -0.204996642688765
 -0.193872605699104  0.065297041714048  0.058388457271452  0.108487303221915
  0.094135071962600
   15 Orbital Energy    -0.294520 Occupation  1.000000
 -0.000101564655141  0.000245732532063  0.021822787682620 -0.046314599945413
  0.049657744900121  0.000268982029574  0.013290201656774 -0.028184357245373
  0.030158402048499 -0.001635992664922 -0.002967042495378  0.004603035160300
  0.001293312685751  0.000321464967026 -0.000656988021175  0.000030213611424
 -0.000083612685782  0.025830432694560 -0.054549079772191  0.059255936683163
  0.000057569651287  0.012191891486075 -0.026053715426858  0.028058135550546
 -0.007236012623205  0.011150692181537 -0.003914679558333 -0.004434689270164
 -0.001739974932074 -0.005098643905066 -0.002530068056841  0.008100859252684
  0.039445441883284 -0.264135027834270 -0.192205318679907  0.003470565030455
  0.016918924839107 -0.128545973710937 -0.088128714304604  0.009270248239095
  0.000954990525306 -0.010225238764401  0.004097978180182  0.003277732602257
 -0.014253318867846  0.000821330128154 -0.002660475639697 -0.103723576436609
  0.123472558714002  0.007161330710752 -0.001039087004574 -0.057115202507037
  0.063546465419324 -0.003577088148811 -0.008372458373200  0.004773838944460
  0.003598619428740  0.000991335097011 -0.002159502645615  0.002301056684461
  0.001735193892501 -0.005474662705572  0.031375781789943  0.209514088297836
  0.112590173123398 -0.002629272575565  0.021063603558801  0.105466023392071
  0.048997887139296 -0.006772874623609  0.003023715170005  0.003749159453604
 -0.008557423924715 -0.002576770366262  0.007809170208581  0.076425342007456
  0.067644963895205 -0.212284727793828 -0.200637134431770  0.103344404600304
  0.090255528487961 -0.009167519037707 -0.010337229708435 -0.111323861888893
 -0.095239401705724  0.142173204335810  0.134492506093296  0.070622570291663
  0.066822049800292 -0.093174484448938 -0.078873535251497  0.033199900291739
  0.026132659434248
   16 Orbital Energy    -0.267891 Occupation  1.000000
  0.000018783445286 -0.000019811399796  0.000028217048607 -0.000004134888312
  0.000032055106227 -0.000179177473105  0.000008037880663 -0.000023889955802
 -0.000042347588096  0.000008014846978 -0.000003624562848 -0.000004390284130
  0.000003398376655  0.000000063022319 -0.000008556636438  0.000024908299148
 -0.000052705004528  0.000203287374562 -0.000168019554956  0.000121525858531
  0.000005414423790  0.000149819038423 -0.000149300558306 -0.000025581464993
 -0.000034638243517  0.000011955515509  0.000022682728008  0.000017159997190
 -0.000020539596312 -0.000013217119703 -0.000081790487772  0.000167255562751
  0.253959453676016  0.054281835838818  0.010640991420644  0.000349553885522
  0.127453081595677  0.027204282538549  0.005413274486084  0.005741660159143
 -0.006248106701757  0.000506446542614 -0.015995140372854  0.007146003798171
  0.000770578364997 -0.000023509658094  0.000064905113865 -0.154395065330892
  0.131321163892808 -0.165119058952893  0.000079078471416 -0.077466187780398
  0.065952006929927 -0.082797373617139 -0.015430243757695  0.003798740204052
  0.011631503553643  0.004997284418139 -0.003228212487703 -0.008124801118409
  0.000048203062460 -0.000106765803109 -0.100707786661306 -0.184785245388307
  0.153044726836334 -0.000141542563415 -0.050491894856627 -0.092785860487345
  0.076833245675137  0.009695500287193  0.002381441010846 -0.012076941298040
  0.011045986236624 -0.003883899094322  0.007494928138906  0.146647310041313
  0.135753184502812 -0.000297919252226 -0.000323466266562 -0.146263121674793
 -0.135642900422689 -0.147051188628445 -0.136233282025334  0.146110149466413
  0.135411749967130  0.001035673914788  0.001047077186868 -0.000178525522441
 -0.000201847234120 -0.147173368107505 -0.136494589372115  0.147384846293428
  0.136639804754068
   17 Orbital Energy    -0.225319 Occupation  1.000000
 -0.000090780225975  0.000245325007790 -0.119980624358810 -0.086941790793482
  0.053400852545334  0.000100209701523 -0.076422525122179 -0.055456428245130
  0.033916099195187  0.002516249349293 -0.007573143649500  0.005056894300206
 -0.005421555516986 -0.006540075522626 -0.001971024947672  0.000067463457756
 -0.000183488604870 -0.244929954687665 -0.176497497181953  0.109553231516958
 -0.000012939396599 -0.098556095783712 -0.071405428466958  0.043942392800089
 -0.002132486231176 -0.003661110561350  0.005793596792526 -0.011445695292209
  0.004447320200043 -0.003049961868109 -0.014858944693595  0.028375638559103
  0.102449388309756  0.152841176209095 -0.102369220484167  0.064169278873939
  0.048573540299954  0.078357469314125 -0.072519848743793 -0.001572644868794
 -0.006755641046607  0.008328285915401 -0.012643272841878  0.008487560557714
  0.004391739032631  0.027762727216365 -0.053023268302784  0.246245237612982
  0.150946788753638 -0.120404165022906 -0.119898128887146  0.143125830483978
  0.109228413361245 -0.051935774661603  0.005090364596193 -0.008438735638786
  0.003348371042593 -0.006800321761332 -0.000534942917194 -0.011615176525535
 -0.012873906172088  0.024631176566462  0.181049803450417  0.078902801622741
 -0.013768382619641  0.055516502079365  0.104655443001529  0.026884452218787
 -0.007691763108228 -0.009003464198115  0.002565585564496  0.006437878633619
 -0.015276273425829  0.003437710551579 -0.002273127052595  0.036389997166826
  0.038665420191739  0.027045895371191  0.028554902498807 -0.138757312505443
 -0.161559711779675  0.047544464984371  0.051766825179667 -0.136272914738090
 -0.158053859683225  0.023175834493581  0.024458388255955 -0.051089215534154
 -0.054131415867450  0.091745953200676  0.110482367408393  0.100253156746473
  0.120078346617392
   18 Orbital Energy    -0.225147 Occupation  1.000000
  0.000005587321348 -0.000006132501138 -0.098195314875273  0.075894702795191
 -0.097397692545989 -0.000044010826604 -0.062566698729236  0.048338661744558
 -0.062069971588967  0.002748378334639  0.006306376480136 -0.009054754814775
 -0.006006923061032 -0.003636342455630 -0.000597150690726 -0.000043196293263
  0.000091409933553 -0.200002695904622  0.154508921055944 -0.198258850783846
  0.000202962040860 -0.080640462920847  0.062289508420136 -0.079925660476999
  0.011225024164125 -0.002780296714162 -0.008444727449964 -0.004234940577235
  0.002437753235270  0.005787095410864  0.023482030957605 -0.044863050619321
  0.114715750633749 -0.182821009644403  0.173372497250088 -0.101389761439710
  0.054893839409550 -0.095713663002333  0.120391896216165  0.010941341901574
  0.000702583821333 -0.011643925722908 -0.005858431597996  0.008203049534532
 -0.003569199898158  0.001140905564300 -0.002168348116956  0.098889393738883
 -0.069617970377411  0.090152728808360 -0.005004656176867  0.048084304566299
 -0.031677133028871  0.043174366855834  0.015751047731475 -0.007729422603106
 -0.008021625128369 -0.002885628305099  0.005136770556335  0.008645281132509
 -0.024585419661952  0.047023515732503  0.219064778564554 -0.081184204074232
  0.165511110008539  0.106073445413302  0.139225911007310 -0.059381190150707
  0.076463069955792  0.006782612146680  0.000359326635962 -0.007141938782643
 -0.005091101336968 -0.007080107789008  0.011696380411347  0.136630744187482
  0.160896462544425 -0.043459736407774 -0.046066316117331  0.026007799083084
  0.034330093610433 -0.133185081955602 -0.157357334675153 -0.037558718383849
 -0.047728026282404  0.045782756733018  0.048731214748289 -0.002035974465563
 -0.002127583297527  0.106828312747827  0.122527606545071 -0.099143467152656
 -0.113118261097572
   19 Orbital Energy    -0.204179 Occupation  1.000000
  0.063246231411680 -0.125823014130980 -0.082095488711913  0.318331882368027
  0.330732656955432 -0.271349851058946 -0.056423760465025  0.218656943221446
  0.227297404412740 -0.008774900952291  0.003859766064998  0.004915134887294
 -0.004030652504559 -0.004180597941845  0.016222230745557 -0.031662358321336
  0.075046414754601  0.061706901331363 -0.240530525268011 -0.249628795920301
  0.078015384405474  0.009418144883271 -0.036752644631298 -0.038276109326471
 -0.007573790204380  0.003323252444418  0.004250537759962 -0.003485464496673
 -0.003585312144075  0.013982213092508  0.010040305930742 -0.016661897905142
 -0.007464454620312  0.015343269758144  0.103531020286936 -0.051948918327941
  0.001671727767898 -0.020916751688857  0.066769177537474 -0.002919040203603
 -0.004511155454626  0.007430195658229 -0.000099572761920 -0.002639636056082
  0.009975572769786  0.010071992959138 -0.016755037476624  0.033376554571104
  0.090987137840035  0.041256333483958 -0.052197586279114  0.043047090875786
  0.055410736491810  0.003902073273232 -0.006974990967604  0.006251035834388
  0.000723955133216 -0.001014519209847  0.003464190938760  0.009502506474381
  0.010061727700351 -0.016701437037183 -0.070431141870193  0.068684881408904
  0.036338261896613 -0.052154026067570 -0.061829345693672  0.032762123704931
 -0.000823612831290 -0.004383342271126  0.004448330667802 -0.000064988396676
 -0.005506043895218 -0.007625490016248  0.006886031840391 -0.016146366563728
 -0.029558707037398  0.074662970726829  0.105533149903436 -0.016595837742576
 -0.030336373480966 -0.015919568147214 -0.029072574026960 -0.016780837937244
 -0.030703618559401  0.074593769623022  0.105578279851848  0.074763554872743
  0.105673293457313 -0.016333993308067 -0.029873926461823 -0.016306433949288
 -0.029800533527014
   20 Orbital Energy    -0.057052 Occupation  1.000000
  0.000003586852236  0.000053447678483 -0.553958866939932 -0.126506597541757
 -0.015485388365053 -0.000353421104057 -0.452108732094804 -0.103312401887202
 -0.012792128995056  0.004700249991009 -0.004056892700224 -0.000643357290785
 -0.009560628350828 -0.012350988072248 -0.003089947523225 -0.000041200265338
 -0.000051145855503  0.073054731748450  0.016715666437272  0.002087281413044
  0.000751998907985 -0.124344719569242 -0.028837963119527 -0.003427805070404
 -0.012693123044260  0.011936835833852  0.000756287210409  0.029124812078315
  0.019759540447039  0.005702500308569  0.000938684046970 -0.001690204634987
  0.012358083020390  0.001576868262825  0.004488690864785 -0.007890995000358
  0.075050332086192  0.013857213557449  0.006310105839597 -0.001826632179909
  0.001945517944816 -0.000118885764907  0.005005064491493 -0.002299522454145
 -0.000090560058178 -0.039001967458986  0.071653339153854 -0.098937287959308
 -0.140675096450998 -0.009774072538070  0.314089031124557 -0.100618981709806
 -0.109730514410029  0.065331703028657  0.001395569154669 -0.001522589825063
  0.000127020670394  0.002388182663152 -0.000235059266547 -0.007214146428931
  0.038137269401064 -0.069944752317588 -0.144244778510182  0.086539658205057
 -0.001487627937469 -0.307333238242627 -0.125893884371790  0.062324067361608
 -0.075775822145284 -0.001806682674403  0.002343112160278 -0.000536429485875
 -0.000000346378019 -0.003314616291159  0.006503967543442 -0.009651537759981
 -0.076493448331867  0.001171043793063  0.003556272601887  0.009414819010540
  0.078990401275171 -0.009194006555181  0.005833463358152  0.000268352057296
  0.086370315082416  0.047450405322642  0.151723855491215 -0.048534008964221
 -0.155317674231634 -0.000017242135943 -0.084361878665977  0.009128365920976
 -0.009445805505429
   21 Orbital Energy    -0.057014 Occupation  1.000000
 -0.000015905324405  0.000094240418225  0.079046762839737 -0.395495805408295
  0.400473437662654 -0.000182708306018  0.064571667566931 -0.322851800651899
  0.326849071150447  0.000396921304129 -0.014241105465100  0.013844184160972
  0.003990459820982 -0.000451216099058  0.000475376391283  0.000004570015870
 -0.000051911520720 -0.010458152841110  0.052269677199027 -0.052883013108076
  0.000173751649189  0.017434782274530 -0.088883058434813  0.089561854660776
  0.008596402766027  0.027437994120257 -0.036034396886285 -0.005818975979483
  0.000703834732801  0.004801492491432  0.044555865617595 -0.081762762756105
  0.003089361634984 -0.052861960637130  0.189304206245446 -0.358837912354316
  0.018157703907329 -0.118200119209197  0.135766370798588 -0.002808619288608
  0.000074361649566  0.002734257639042 -0.001238403239407 -0.001793838098384
  0.007302813990718 -0.021449455912279  0.039321594088441 -0.062914820145331
 -0.070157931824900 -0.014431130896129  0.172918141487031 -0.107062658673993
 -0.016621633127103 -0.019134954203335  0.006265507713342 -0.002203718255858
 -0.004061789457484 -0.000460858022834  0.001013553781626 -0.001080059090195
 -0.023076658172804  0.042397838110298  0.093145074770192 -0.041829961610692
 -0.007531023403922  0.185502915737616  0.111084449419142  0.026449306452191
 -0.005940855193889  0.004650832243284 -0.000559059028991 -0.004091773214293
  0.004064504478408  0.000535470371904 -0.001255339657771 -0.004915299277689
  0.055278128017093  0.055398792314895  0.177363890262419 -0.005478889495773
  0.051993692352324 -0.005591665703701 -0.094157781038278  0.010946382191828
  0.038889141798032 -0.028636080192397 -0.091910105491691 -0.026685190863501
 -0.085411046919018  0.010845481146684  0.042287685867037 -0.005859696519480
 -0.093819195154873
   22 Orbital Energy     0.172956 Occupation  0.000000
  0.014714539990222 -0.043381670491821  0.002143878498770 -0.008105778240833
 -0.008468459123876 -0.067676149229042  0.006123708254064 -0.023466162658742
 -0.024475190067530  0.003151592883127 -0.001379877801421 -0.001771715081705
  0.001441808339737  0.001504103487367 -0.005819001585967  0.014675909796541
 -0.019576118083848  0.003461390091076 -0.013474298205986 -0.014157730736212
 -0.276864605640786  0.018181568822884 -0.069611330002359 -0.072762167711508
  0.001052688788513 -0.000458627038552 -0.000594061749961  0.000481151437828
  0.000494416084848 -0.001960496718093  0.074576459863085 -0.079690748283782
  0.003600442987800  0.007521746566332 -0.130443068377171 -1.123656057562506
 -0.007652740404150  0.112748217615706 -0.413879869699887  0.004379693987224
  0.001753009801446 -0.006132703788671  0.000573990088437  0.000098380369199
  0.002020510714821  0.074583806919393 -0.079647101937304 -0.060751635181525
 -0.111115042801101 -0.031864946470338 -1.124059861728541 -0.255177824979706
 -0.342939680004160 -0.035300079236089  0.000189094157891 -0.003040915652881
  0.002851821494990 -0.005342424256126  0.000401144734732 -0.001920138678381
  0.074664041788015 -0.079785889072718  0.102900019591566 -0.076704240462087
 -0.024743081646233 -1.124349928346530  0.373698272082207 -0.210184957120736
 -0.007315940630260 -0.003796097304340  0.000983142194086  0.002812955110254
  0.005141226813640 -0.000083117936647 -0.001538309352356  0.020024492988215
  0.539022846467193  0.004081140795383  0.706866080508034  0.019788702946264
  0.537079650654104  0.020022681848943  0.539564657914031  0.019972558220722
  0.537248367492744  0.003984703062167  0.707059191674143  0.004117271534218
  0.706349766274299  0.019908760146104  0.539276630629258  0.019895311552781
  0.537825816787802
   23 Orbital Energy     0.219038 Occupation  0.000000
  0.016200779179005 -0.064463534561093  0.021600807377628 -0.083165536111682
 -0.086277543765876  0.074846538019007  0.012584541656691 -0.047584470074408
 -0.049684484070254 -0.000269562064664  0.000143612194468  0.000125949870196
 -0.000128866279580 -0.000086368460394  0.000453228905020 -0.007175273901552
  0.029471183974830  0.007092027603277 -0.027043198284383 -0.028602386466506
 -0.092946320700214 -0.047237521953455  0.182109567898797  0.190459138666982
  0.012973096665644 -0.005720521680238 -0.007252574985405  0.005884859090369
  0.006303380988181 -0.024165910410253 -0.019520352453511  0.028683199431807
  0.045768519219645 -0.187599210459317 -0.098943311225516  0.192066787679354
  0.162734948464544 -0.676406659186911 -0.328089689840126 -0.005846459804864
  0.001500356046273  0.004346103758591 -0.002123439285926 -0.001512225455687
  0.004476271129077 -0.019861811265554  0.028662296709255  0.090624620902751
 -0.103306919454188 -0.167287468277326  0.201092238560104  0.337009223802683
 -0.351051932953217 -0.595299692680684 -0.002827800111186  0.002378737087027
  0.000449063024160  0.001422016015897 -0.002617607984916  0.006719057414779
 -0.019399575617678  0.028304631524321 -0.023541611286726 -0.127556463943954
 -0.174264545639161  0.191682282090302 -0.105429403922152 -0.443004183589939
 -0.620696212726654 -0.001071331749723  0.000395146093684  0.000676185656039
 -0.003774473663834 -0.000562901069073  0.006941624073178 -0.024481107385805
 -0.560062083567258  0.047901709451381  0.850526908276842 -0.024214757044048
 -0.554412603840397 -0.024616035875192 -0.562184420424165 -0.024088638953186
 -0.551864006917003  0.047967996959839  0.851623377768696  0.047665641398773
  0.844545626881871 -0.024456664124429 -0.561888222684289 -0.024465527327772
 -0.561302570950147
   24 Orbital Energy     0.242785 Occupation  0.000000
  0.000013967808163 -0.000015022170435  0.003352415094401 -0.002030770525489
  0.002605238642614 -0.000243455041880 -0.007926144524576  0.005507097876866
 -0.007522210450816 -0.002217728405017 -0.000724093980228  0.002941822385246
  0.001955261595973  0.000393248429066 -0.000684669534659  0.000028834286239
  0.000005987578364  0.062864085769890 -0.043051692121515  0.056879953140842
 -0.000633100256431  0.022824255739551 -0.016462941334293  0.020847569965060
  0.012683093426601 -0.010715600401009 -0.001967493025592 -0.000011804658923
  0.008203665929954  0.008744677597116  0.041635359906820 -0.063338397377968
  0.175556750858554 -0.014680216958760  0.032810309657153 -0.438414055596749
  0.604244273671817 -0.026051871839342  0.094569961862757 -0.002497418257360
  0.003605943516931 -0.001108525259572  0.009203191398375 -0.000109254937273
 -0.007531386892170  0.004490735436174 -0.007052649452006  0.177650107931015
 -0.143869964113013  0.179189053950878 -0.044316444889920  0.612537760963149
 -0.501214712878239  0.623592489518059 -0.012331334937816  0.000633570253809
  0.011697764684007  0.006109590453257 -0.001491164527318 -0.006793453535136
 -0.046071739091762  0.070426557445590  0.005722126104456 -0.083405919957206
  0.108999078297796  0.481809200474916 -0.012943405707257 -0.287104257444514
  0.361259445257530 -0.008524818081642  0.001081227742124  0.007443590339518
 -0.004491300156688 -0.003407725646363  0.002770222882528 -0.041786267132782
 -0.577496992926909 -0.017661092666275  0.250615742563724  0.053430814506098
  0.758481372795479  0.027964326503173  0.380941007099415 -0.040814762954797
 -0.574449675684287  0.019824328574163 -0.276689606073561 -0.002107629950355
  0.027670548000297 -0.081100750612293 -1.136716980713260  0.082355617275917
  1.149810460376064
   25 Orbital Energy     0.243018 Occupation  0.000000
  0.000148184346969 -0.000307406404336 -0.002111138336980 -0.003580003714997
  0.001344865018602 -0.001461553450630  0.010551136044909  0.006262043373823
 -0.005175712310803  0.000054909439841 -0.002072619599460  0.002017710159618
 -0.002656794851468 -0.000619147329004 -0.000879963483609  0.000408279810492
 -0.000192583518068 -0.069952889195556 -0.055520557511091  0.034186914861697
 -0.007030550619890 -0.027578720068394 -0.023002818138078  0.010357824506974
  0.006620268991217 -0.003707838380088 -0.002912430611129  0.010392005140181
 -0.012999733492928  0.002428674376135  0.028671999488085 -0.043981569535245
 -0.223613871506094 -0.086881347256228  0.008498923622744 -0.296218343994202
 -0.782443826903951 -0.283168515307173  0.014750657351730  0.005201938209115
 -0.004681088643584 -0.000520849565532 -0.011932262424316  0.003875575355864
 -0.005300717301154 -0.051740922495682  0.077992180151155 -0.039497310130961
 -0.034193093881835  0.055187436749294  0.551125374294869 -0.108489609464084
 -0.103116866884894  0.174507300678183 -0.006267290830116  0.002192863770771
  0.004074427059345 -0.003769675990509  0.000946354933027  0.006393097114942
  0.021869003094361 -0.032537573904923 -0.124383387707945 -0.192696995883888
  0.136542447836972 -0.235824243996753 -0.420253578502740 -0.668790240809253
  0.482261135880114 -0.004197300482599 -0.005871961482211  0.010069261964810
 -0.008211492845541  0.003356664787268 -0.008128550769366  0.071100051808309
  0.989985562507733 -0.012398121317508  0.175608537249569 -0.063264555193078
 -0.878690120806615  0.077782216895300  1.095517380393081 -0.071839923099978
 -0.995943033010384 -0.008075790387735  0.140959363013658  0.021615197658825
 -0.313486669752291 -0.014858180966580 -0.225993232853870  0.000167822485075
 -0.004744576057034
   26 Orbital Energy     0.248876 Occupation  0.000000
  0.000053834532104 -0.000172408433101 -0.103954561268658  0.002091982989400
 -0.028401839059477 -0.000051592755704 -0.094820262171839  0.002051786138739
 -0.026016458276912  0.000248381868821  0.000085359174334 -0.000333741043156
 -0.000683229332139 -0.000884834221295 -0.000258738176743  0.000000654866946
  0.000002543545388  0.063580232285877 -0.002477687272835  0.017798134261557
 -0.000391123019160  0.166104461306187 -0.004796212147448  0.046354107133103
 -0.003322303800258  0.001391893002271  0.001930410797987  0.005868102493473
  0.000131329711493 -0.000424746583073  0.034795184342859 -0.029694793391054
 -0.117523172884794  0.006740816903082 -0.068629367801295 -0.625740369099171
 -0.200602828757053  0.028336124124103 -0.129487463478083 -0.002442578189282
  0.002482627668650 -0.000040049479369  0.006736995837005 -0.005923617598109
  0.000375991159588  0.071912153172209 -0.060450924123364 -0.156329035285392
 -0.064447990953177 -0.046865449092747 -1.301908086105833 -0.300010547066835
 -0.134317215592807 -0.058852581874546 -0.007844612811455  0.003766159211234
  0.004078453600221  0.000035910421248 -0.001704206890475 -0.001296677581082
 -0.106957612634480  0.090659802919837 -0.213434157835714  0.064607103833879
 -0.015384650271320  1.929742233845821 -0.424776276228162  0.111500675422250
 -0.058386740882585  0.003485908694156 -0.001771541520611 -0.001714367173545
  0.001815568410344  0.001533570451608 -0.001976368187719 -0.022550939752636
  0.514477528906173  0.013168382948592  0.310851665522559  0.035987527399675
  0.096462213279201 -0.026320148633860 -0.894097533192277 -0.015445056517970
 -1.003993418479175 -0.040925667123899 -0.953585983416290  0.028426323089835
  0.650968664178313 -0.010038781458636  0.793940205759382  0.037649550323111
  0.481966010559538
   27 Orbital Energy     0.249019 Occupation  0.000000
  0.000083122723517 -0.000128285900639 -0.021091674601274 -0.078888986839192
  0.069841881628404 -0.000941433499417 -0.019202527710174 -0.072021025977882
  0.063214383171311  0.000217534083109 -0.001053756833744  0.000836222750635
  0.000113149782086 -0.000352667837550 -0.000009406670173 -0.000217304327027
 -0.000001687214453  0.013206532031453  0.048306063828018 -0.043299682830102
  0.004098902453764  0.033153570597091  0.125598399002312 -0.111913350175761
  0.002942559976369  0.002979891273345 -0.005922451249713  0.002203745118554
  0.000121014650727  0.002247141817665 -0.103561445119384  0.088082844939713
 -0.024340930664026 -0.104681319088835  0.189978703620218  1.868894636654491
 -0.028278466946611 -0.232347579048300  0.364369190624540 -0.000149729393684
  0.001346038153029 -0.001196308759345  0.002592098002559 -0.000962556005225
 -0.004188350485324  0.081665519013819 -0.069092375296767 -0.068206129134992
 -0.163364088127433  0.062102366861030 -1.474178861946512 -0.159025904764015
 -0.299952246736426  0.123976718242661  0.003674875677298 -0.001574191362710
 -0.002100684314587 -0.002054205724408  0.002181380683568  0.005707784573026
  0.021795748755036 -0.018272114288658 -0.003897205484862 -0.101248362692078
  0.075980981187916 -0.395043899968031  0.007554987931429 -0.168228039612997
  0.132676989726821  0.005201625301804 -0.000651620253344 -0.004550005048460
  0.005584409650812 -0.003684757925192  0.004425726078261 -0.030397537983917
 -0.856748205600477 -0.039450844667093 -0.920337574655411 -0.010104868140788
 -0.987907150656195 -0.026727819690162  0.402459092869289  0.035056377205103
 -0.013113477754318  0.008679251691503  0.193691349259920  0.031581398939752
  0.734333590221494  0.036554057781513  0.578120108900260 -0.005176850818567
  0.865515277306975
   28 Orbital Energy     0.285468 Occupation  0.000000
 -0.000081459990933  0.000123409640774  0.082759625757572  0.006524981883176
  0.013916798309324  0.001223869796091  0.095688997834450  0.007131381970716
  0.016717527737570  0.002410654597939 -0.001678366294757 -0.000732288303182
 -0.004962746180505  0.000371282825764  0.000211467975745 -0.001198226160254
  0.000888034317757 -0.060227922778061 -0.002453392779595 -0.009779302528942
  0.021316669340103  0.047578955804144  0.016313172999665  0.007940544372760
  0.000010289594555 -0.002267347488026  0.002257057893472  0.001111293448355
  0.016685169696302  0.004492883383392 -0.000837991955099  0.000766821687373
 -0.010826279224389  0.052617535340547  0.022341724617809 -0.005298290701538
 -0.003153722553684  0.176316772528461  0.071346646953002 -0.002084403948118
  0.003803477043889 -0.001719073095772  0.011330652874305 -0.005477554128699
 -0.001373792402296 -0.002361063959073  0.001805016727448 -0.126904327670415
  0.116339084274010  0.212076425915388 -0.050112227053472 -0.403347932385779
  0.359203224582369  0.703196443009751 -0.004632156425039 -0.000777504835080
  0.005409661260119 -0.001561286576097  0.002250250343450 -0.010647391180948
  0.004545808089171 -0.003285167448290 -0.061918180940073 -0.184360126905154
 -0.267485700439367  0.028857368099084 -0.218416315613792 -0.582489129046785
 -0.877415359908164  0.003961666981996 -0.000794086409911 -0.003167580572085
 -0.003887651382188 -0.000242135761768  0.010930908835606 -0.033255549998317
  0.042639449407292 -0.014235626641773 -0.239634244676263  0.048157612094000
  0.213482528339258 -0.057072857193971 -0.767373554710699 -0.027905778255247
 -0.707468778157469  0.079671047930165  1.362176292278691 -0.065827953033153
 -1.120830030236699  0.008522853525381  0.558950848592513  0.060898319393795
  0.666419854326486
   29 Orbital Energy     0.285711 Occupation  0.000000
 -0.000042955780597  0.000133091147643  0.003192473038145  0.061759329890768
 -0.058588997185854  0.000418929745872  0.003392853845058  0.071620508189647
 -0.068160694852065 -0.003139533773525 -0.001723612015024  0.004863145788549
 -0.001272999140148  0.000094124418265 -0.002134892147828 -0.000428276008044
  0.000125506063267 -0.001670276839949 -0.044735629418492  0.043648540237320
  0.008658130761717  0.004960494067119  0.034273950082760 -0.026909975959937
 -0.009334964464560  0.014976468493425 -0.005641504028865 -0.005904220281397
  0.003814681877532 -0.005006234044114  0.005048043410389 -0.003657574044516
  0.073280876683031 -0.313654996018728 -0.132907670639722  0.025572694044296
  0.244590211419339 -1.027617910429825 -0.409356376296525 -0.010995777626642
  0.003111589921682  0.007884187704960 -0.001666934905943 -0.002675908776773
  0.003191455099101 -0.002698569806118  0.002066850279445 -0.104773422586492
  0.095701022015753  0.174153937088524 -0.027396458765692 -0.363839131267111
  0.315889834555868  0.548609244866036  0.010182049125165 -0.004812212246800
 -0.005369836878365 -0.005514207986668  0.005102685978671 -0.001253486460574
 -0.001922519604359  0.001695212047036  0.023105911681008  0.070676503980883
  0.099712617680538 -0.008021333017873  0.094330551045731  0.247784501492109
  0.304427200184925  0.006139716894324  0.001212258474633 -0.007351975368957
  0.009780919828316 -0.003232502883995  0.001460642642966 -0.051610460647224
 -0.787673697880044  0.084088123911752  1.439733368481886 -0.037757672066849
 -0.760680007846866 -0.022549926708969  0.193388113539422  0.054371494239447
  0.354348269353803 -0.029867676944220 -0.513230276321683 -0.054349139542792
 -0.926181072247453  0.060320674358572  0.565046471494027 -0.002916388513708
  0.436866076156675
   30 Orbital Energy     0.303994 Occupation  0.000000
 -0.007659558378196  0.005282509903309  0.006842032333144 -0.029117407466820
 -0.029650428104047  0.160319960106353  0.005066934794436 -0.024468828192200
 -0.023831237822913 -0.002804513488113  0.001208493096319  0.001596020391794
 -0.001268078412442 -0.001327007855703  0.005118802853178 -0.165507564398430
  0.089034055205181 -0.043840340767057  0.171585793933634  0.177506631350152
  3.267817947019033 -0.222531010755204  0.871438423575359  0.898978566812040
  0.001242767330411 -0.000564685001466 -0.000678082328945  0.000578109428358
  0.000378904267338 -0.002187446375450  0.061642738986444 -0.026937134554047
  0.003594300428151 -0.036829608899920  0.066745099083724 -1.315029882717851
  0.085972237923095 -0.595264693396060  0.808452910504770 -0.014554627564112
  0.000428511941790  0.014126115622322 -0.003199970067202  0.002439928138433
 -0.018028292609649  0.061485035860348 -0.025930532638936  0.056001855308152
  0.052567191807688 -0.009728289011007 -1.314809513098024  0.766440517642004
  0.630654546072574 -0.210262531863714  0.006945969019705  0.003843114241220
 -0.010789083260926  0.020989949660601 -0.007146614448590 -0.002095773105812
  0.061607557463148 -0.026536624061801 -0.070634272968562  0.027878372584742
 -0.011714719341737 -1.315598409409761 -0.932102190007433  0.275150893406371
 -0.271755369382026  0.018630297480029 -0.009198964632876 -0.009431332847153
 -0.012876715400516  0.010079191899942 -0.000252953943622 -0.023049612438601
  0.096636662942612 -0.028653076286608  0.230775082194159 -0.024030232042467
  0.082191380869631 -0.023156377037390  0.096754616438908 -0.023678785584952
  0.087794985955745 -0.029087291977628  0.221124965694184 -0.027940618901473
  0.239718973075494 -0.024026206805076  0.077546140470065 -0.023892270810194
  0.082941641194104
   31 Orbital Energy     0.311679 Occupation  0.000000
  0.000078150319371 -0.000025854314191  0.000287279888660 -0.000547260646092
 -0.000326038160329 -0.001620678920404  0.000952094883565 -0.001119909739104
 -0.000494865415942 -0.000049897697789  0.000033369621315  0.000016528076473
  0.000019409116710 -0.000028981365945 -0.000024887605304 -0.000424510530065
  0.000482335491148 -0.000985174988943  0.000438075493144 -0.000352983660869
  0.007549161324071 -0.004093233821276  0.001515413284900 -0.002074893495609
 -0.000030802998236  0.000013415882108  0.000017387116129  0.000030330287067
  0.000021472704074 -0.000117037696951 -0.000158571403082  0.000217963058135
  0.266915555815123  0.057175538399301  0.011250126460991  0.002510568020617
  0.891371799315434  0.190032438407788  0.037415733775593 -0.000807351446208
  0.000316362405937  0.000490989040271  0.000761596921378  0.005729495301444
  0.001290686595817  0.000066152384862  0.000043572259795 -0.161103924134215
  0.137000599423614 -0.171964718188767 -0.001304398499845 -0.537426217663373
  0.458474473236294 -0.574984241520749 -0.001744721535620  0.004379584062407
 -0.002634862526787 -0.002058163519550 -0.002471204913784 -0.001949225544018
  0.000351839973549 -0.000164569146564 -0.105846082008179 -0.194626597897875
  0.159245692445341 -0.006917128344734 -0.356374914882913 -0.646556934195620
  0.532235980461806  0.002737430032189 -0.004779739667164  0.002042309634975
  0.001239292962490 -0.003208823027370  0.000702752113754 -0.041658686604820
 -0.997673156268002  0.000303298505999  0.001857989261119  0.041215333286915
  0.992818363449878  0.041357903303897  0.994966690481580 -0.041653149766245
 -0.991912587386951 -0.000178848534286 -0.000523509417817  0.000068424322968
  0.000954970920005  0.041987185345503  0.995171142655832 -0.042227224992792
 -0.995579683827685
&
&hess
   1
   1  8.238339E-02
   2 -4.599183E-02  2.489075E-01
   3 -4.776025E-02  1.855474E-01  2.635000E-01
   4 -1.018337E-01  2.672472E-02  2.769381E-02  4.358904E-01
   5  2.667817E-02 -1.986054E-01 -1.077655E-01 -1.017220E-02  4.725201E-01
   6  2.768346E-02 -1.078813E-01 -2.069259E-01 -1.018629E-02  4.087903E-02
   7  4.749671E-03  3.410590E-04  9.143973E-03 -7.058623E-02  2.686539E-03
   8  9.131260E-04  7.391259E-03 -3.201801E-02  2.784567E-03 -9.035766E-02
   9  5.907356E-03 -1.720955E-02 -4.758167E-02 -6.648587E-03  3.657634E-02
  10  1.153269E-02 -9.324443E-04 -6.757900E-03 -1.057449E-01 -2.675724E-02
  11 -1.033098E-02 -3.799186E-02 -2.484883E-02 -2.882931E-02 -8.421032E-02
  12 -1.415564E-02 -3.370805E-02 -8.374315E-03  1.016656E-02  1.410572E-02
  13 -4.571572E-03  1.918539E-02  1.695283E-02 -1.198245E-01  9.107188E-03
  14  2.795473E-02 -2.482944E-02 -1.798531E-02  1.105397E-02 -6.739949E-02
  15  2.750256E-02 -2.385680E-02 -5.540646E-03 -1.927821E-02  9.605625E-03
  16  2.108800E-03 -2.242800E-03 -5.736348E-04 -4.739727E-03  1.385014E-03
  17 -2.348322E-03  1.276393E-03 -1.616403E-03  1.448245E-02 -7.822280E-03
  18  2.963552E-03 -1.387941E-03  3.952404E-03 -2.826521E-02  1.311960E-02
  19  2.751754E-03 -2.591272E-04  4.289721E-05 -2.324031E-03 -1.041133E-03
  20 -2.307693E-04  3.190787E-03  2.827349E-03 -2.449122E-03  8.013719E-03
  21 -1.159305E-04  3.639482E-03 -1.256435E-02  6.447124E-03 -2.891747E-02
  22  3.628841E-04  1.917147E-03  9.113886E-04 -7.874740E-04  6.436386E-04
  23  2.051752E-03  3.198692E-03 -1.112525E-03 -1.090648E-02 -1.359040E-02
  24 -2.376575E-03 -2.353226E-03  3.796153E-03  2.031830E-02  2.345122E-02
  25  2.815201E-03 -3.785193E-03  2.110722E-03 -2.282503E-03  1.202560E-02
  26 -1.362692E-03  1.270804E-03 -2.215431E-03 -9.380864E-04 -5.470115E-03
  27  4.126834E-04 -3.003685E-04  3.241388E-03  1.596578E-03  1.268494E-03
  28  5.865295E-03  1.925326E-03 -2.557073E-04 -2.096105E-02 -2.618543E-02
  29 -1.115335E-03  1.987373E-03  1.532451E-03  9.174812E-03  6.605988E-03
  30  7.021493E-04  1.061563E-05 -4.599703E-04 -3.622334E-03 -3.090831E-03
  31 -8.550275E-03  7.058464E-03  1.143120E-03  7.249456E-03  1.380713E-02
  32  7.516545E-03 -1.450752E-03 -9.204852E-05 -5.984990E-03 -8.554343E-03
  33  1.688607E-03 -3.464983E-04  3.371579E-03 -8.251093E-04  1.854043E-03
  34 -1.730263E-03 -7.121076E-03 -1.534264E-03  8.912934E-03 -6.630615E-03
  35 -7.640235E-03 -7.970460E-03 -1.354610E-03  1.479418E-02 -8.663814E-03
  36 -1.950013E-03 -1.806438E-03  3.068556E-03  1.043858E-03  1.337984E-03
  37  5.513404E-03 -3.692450E-04  1.089768E-04 -2.291548E-02  1.318116E-02
  38  2.578280E-03  2.308145E-03  1.772869E-03 -2.219592E-02  8.380758E-03
  39 -7.162787E-05 -2.503603E-04 -4.577275E-04  2.317185E-03 -3.425853E-05
  40  7.870647E-04  3.564725E-03 -1.178480E-03 -4.072797E-04 -9.244576E-03
  41  1.342483E-03  3.489594E-03 -2.751077E-03  1.953542E-03 -9.372186E-03
  42 -4.424011E-04 -1.393514E-04  3.073400E-03 -1.341331E-03 -3.461067E-04
   6
   6  4.759014E-01
   7 -6.157322E-03  5.694795E-01
   8  3.359704E-02  4.212735E-03  5.403581E-01
   9 -9.751554E-02 -5.536701E-03  5.451895E-02  4.235716E-01
  10  1.191453E-02 -2.171162E-03 -2.094880E-03  1.975558E-03  4.973337E-01
  11  1.599921E-02 -1.472514E-02 -1.405743E-02  1.145993E-02 -8.114563E-02
  12 -6.864262E-02  1.910472E-02  2.393884E-02 -5.050738E-03  3.301512E-03
  13 -2.156033E-02 -7.585981E-03  2.698002E-03 -6.618549E-03 -3.169810E-02
  14  1.078668E-02  1.602070E-02 -6.243406E-03  1.098363E-02 -2.026899E-02
  15 -7.126056E-02 -2.715172E-02  1.431852E-02 -7.431441E-03  2.667821E-03
  16  2.497598E-03 -2.626189E-01  9.189247E-02 -3.079185E-02  7.184979E-04
  17  6.726303E-04  9.314241E-02 -8.626247E-02  1.180952E-02  1.436448E-03
  18 -2.901354E-03 -3.257612E-02  1.139610E-02 -4.876791E-02 -1.287334E-03
  19 -6.950513E-04 -5.735766E-02  2.877114E-02  3.015933E-02 -3.383949E-04
  20  4.275591E-03  2.869108E-02 -1.598674E-01 -1.151411E-01 -4.026431E-04
  21 -7.877722E-03  3.074681E-02 -1.176861E-01 -1.732487E-01  5.296810E-04
  22 -2.315422E-03 -1.660865E-01 -1.284296E-01  1.121541E-02  7.813216E-04
  23 -1.563483E-03 -1.297326E-01 -1.864961E-01  1.048489E-02  1.548616E-03
  24 -9.158959E-04  1.302855E-02  1.096491E-02 -4.520661E-02 -1.000963E-03
  25 -2.925190E-02 -5.982472E-03  2.194618E-03  2.772235E-04  1.273114E-03
  26  1.339334E-02  3.299916E-03 -1.169966E-03 -8.173859E-04 -8.625321E-04
  27 -7.661742E-03 -2.927159E-03  3.259992E-04  9.425011E-04  1.935861E-04
  28 -9.236690E-05  3.798291E-04 -1.308245E-03  9.526977E-04 -5.967651E-03
  29 -3.942935E-04  2.499197E-04  7.722780E-04 -7.346755E-04  1.316254E-03
  30 -9.835151E-04 -8.781575E-04 -9.908900E-04  1.472808E-05 -7.634904E-04
  31  2.336517E-02  4.659030E-04  8.334952E-06 -5.123613E-04 -4.613358E-04
  32 -1.117603E-02  1.791247E-04 -7.429633E-04 -4.338700E-06 -5.110875E-04
  33 -8.096352E-04 -2.405305E-04  3.083694E-04 -5.705409E-04  2.951729E-04
  34 -1.607145E-02  2.759261E-04  4.339199E-04  5.531965E-04 -5.676526E-02
  35 -1.869894E-02  2.788937E-04 -6.192750E-04  2.421318E-04  2.873514E-02
  36 -2.454811E-03  1.595620E-04  4.152255E-04 -5.010596E-04  2.937076E-02
  37 -1.449985E-03 -2.078318E-05  1.053252E-03 -5.673141E-04 -2.630484E-01
  38 -2.128535E-03 -5.380700E-04  1.132684E-03 -1.090437E-03  9.208159E-02
  39 -7.903600E-04  1.215633E-03 -4.329604E-04  4.274366E-05 -2.935190E-02
  40  2.170610E-02 -3.321333E-03 -3.170029E-03 -3.434434E-04 -4.557301E-02
  41  2.432959E-02 -4.122207E-03 -4.034144E-03 -1.287804E-03  8.039894E-03
  42 -5.514264E-03  2.108627E-03  1.148845E-03  1.125912E-03 -1.117900E-02
  11
  11  4.709419E-01
  12 -2.420832E-03  5.645034E-01
  13  2.542890E-03 -6.276093E-03  4.336045E-01
  14  7.721279E-03 -3.353922E-04  6.422547E-02  5.356597E-01
  15  2.592888E-03  2.151827E-03 -1.201214E-02  1.191576E-03  5.628740E-01
  16 -2.962530E-04  4.016434E-04  1.356962E-03  5.655756E-04 -2.168413E-03
  17 -2.411623E-04 -2.228560E-04 -8.351275E-04 -1.566163E-03  3.480255E-03
  18 -9.274192E-04  6.993469E-04  8.383375E-04  2.043987E-03 -6.001235E-03
  19 -2.743278E-05  7.432004E-04 -4.485689E-04  7.536504E-05 -6.715680E-04
  20 -5.912943E-04 -1.488790E-04  4.697864E-04 -3.784917E-04 -4.111399E-04
  21  2.144383E-05  1.217521E-04 -5.417005E-04 -2.017567E-04  2.254794E-06
  22  3.255449E-04  1.124507E-03  8.627677E-04  8.528309E-04 -2.150745E-04
  23 -1.070029E-03  4.288183E-03 -8.734817E-04 -4.803220E-04 -4.677481E-04
  24  1.651139E-03 -5.946773E-03  1.533362E-03 -2.927546E-04  7.991873E-04
  25  1.087573E-03 -1.316617E-03 -4.436266E-02  6.163771E-03 -1.375774E-02
  26  1.119367E-04 -6.701996E-04  4.470480E-03 -9.625608E-02  1.010235E-01
  27 -1.649514E-04 -2.212782E-04 -1.231072E-02  1.010986E-01 -2.567033E-01
  28  4.875772E-03 -1.043885E-03 -1.664211E-01 -1.316323E-01  1.032358E-02
  29  7.768764E-05 -1.972727E-04 -1.298623E-01 -1.830096E-01  8.822530E-03
  30  2.456897E-04 -3.678491E-04  8.848354E-03  8.690430E-03 -4.803304E-02
  31 -6.048666E-04  2.920568E-04 -5.848003E-02  3.139363E-02  3.282399E-02
  32  1.101306E-04 -3.896651E-05  2.987721E-02 -1.609648E-01 -1.162023E-01
  33 -5.028915E-04 -4.288751E-04  3.097864E-02 -1.151511E-01 -1.703540E-01
  34  2.708958E-02  2.809708E-02 -7.638716E-04  2.403995E-04 -2.753180E-04
  35 -1.634655E-01 -1.175601E-01  1.319842E-04  4.483885E-04 -1.378858E-04
  36 -1.160347E-01 -1.699566E-01 -8.687376E-05 -5.416590E-04 -4.578388E-04
  37  9.385240E-02 -3.066615E-02 -2.768339E-03 -6.136731E-03  7.061237E-04
  38 -8.301706E-02  1.148460E-02 -2.558773E-03 -3.232109E-03 -1.813255E-05
  39  1.212096E-02 -5.149606E-02  3.540327E-04 -1.834372E-05 -2.514700E-04
  40  6.390501E-03 -9.847852E-03  1.066101E-03 -6.209077E-04  1.572683E-03
  41 -9.454988E-02  1.014233E-01  1.330739E-03  2.000041E-04  3.402536E-05
  42  1.007447E-01 -2.573574E-01  1.423990E-05 -2.772306E-04 -1.188164E-04
  16
  16  2.851617E-01
  17 -1.021575E-01  9.292438E-02
  18  3.432419E-02 -1.603669E-02  5.142554E-02
  19 -3.491288E-03  1.952512E-02  2.263233E-02  5.723403E-02
  20  6.373895E-04 -8.637963E-03 -8.293314E-03 -3.246293E-02  1.728679E-01
  21 -6.411594E-04  4.225397E-03  3.059562E-03 -3.455113E-02  1.324724E-01
  22 -1.936792E-02 -2.298601E-02  1.936876E-03  4.725070E-03  6.087669E-03
  23  9.731856E-03  1.029881E-02 -8.434692E-04 -1.413772E-02 -1.511076E-02
  24 -2.784322E-03 -3.286167E-03 -7.332043E-04 -1.729653E-02 -1.676880E-02
  25 -3.689122E-04  1.425726E-03 -2.074869E-03 -2.289961E-05 -3.389129E-04
  26  5.108007E-04 -1.135789E-04  1.215535E-03 -7.510439E-05  2.217179E-04
  27 -4.076805E-04  7.799559E-04 -5.494843E-04  2.617826E-04 -2.207853E-04
  28  4.881030E-04  2.058896E-04  2.707435E-04 -2.311447E-06  1.038409E-04
  29 -7.505882E-05  2.436058E-04 -2.070729E-04 -3.530186E-05 -3.824426E-05
  30  2.873614E-04  4.391649E-05  8.261602E-06 -2.749817E-05 -4.838902E-05
  31  2.395556E-04 -5.672920E-04  2.365714E-04 -1.767726E-04  2.873692E-04
  32 -2.158502E-04  3.439564E-04  1.663285E-04  2.911096E-04  3.314339E-04
  33  2.544773E-04 -1.038460E-04  1.970375E-04 -5.860824E-04  8.234608E-04
  34 -9.159798E-06  5.147203E-05  8.915769E-05  5.867626E-05 -4.701537E-04
  35 -5.676680E-05  5.932682E-05 -8.118040E-05 -5.457256E-04 -1.722103E-05
  36 -5.272228E-05  4.240724E-05 -6.033398E-05  1.603877E-04  9.368343E-04
  37  6.981437E-04 -1.052693E-03  1.005801E-03  2.437702E-05 -7.393373E-05
  38  2.342557E-04 -2.623697E-04  3.593221E-04  6.441666E-05 -5.843703E-05
  39  7.818625E-06  4.787087E-04  2.714536E-06  4.536369E-05 -4.183079E-05
  40  2.623713E-04 -3.104132E-04  3.640750E-05 -9.275028E-05  2.108438E-04
  41 -4.297343E-05  3.015827E-04 -4.478614E-04 -8.188635E-05  3.379539E-04
  42 -1.020106E-04 -2.392291E-04  1.871500E-04 -2.040755E-04 -2.993146E-04
  21
  21  1.874037E-01
  22 -9.206456E-04  1.786628E-01
  23  2.614395E-03  1.418294E-01  2.032219E-01
  24  1.294042E-03 -1.170516E-02 -1.442333E-02  4.762306E-02
  25  3.099829E-04  1.083958E-04  2.501154E-04  1.475736E-04  4.958980E-02
  26  1.354122E-04 -8.753529E-06  4.303249E-04 -4.179950E-04 -6.189595E-03
  27  5.838995E-04  1.820025E-04 -1.469324E-04  2.004455E-04  1.572491E-02
  28  9.937983E-05  3.335197E-04  1.231636E-03 -9.969682E-04  1.130678E-03
  29  4.201906E-05 -8.584014E-06  1.938782E-04 -8.399703E-05 -9.112854E-03
  30  3.639798E-05 -1.656495E-04  5.370248E-04 -8.910069E-05  2.120737E-02
  31 -1.414236E-03  3.945029E-06 -8.256009E-05 -4.471579E-05 -1.190117E-03
  32  1.523276E-03  3.737615E-05  5.123615E-05 -1.012307E-04 -3.157388E-03
  33  3.914485E-04  3.691484E-05  5.810083E-05 -6.214140E-05  5.565414E-03
  34  6.261404E-04  2.977500E-06  4.183251E-04 -2.922982E-04 -6.181013E-06
  35  1.913332E-03  3.841873E-05  6.191728E-04  6.556011E-05  4.416268E-05
  36  5.062494E-04 -2.049981E-04 -1.604963E-04  1.504894E-04  8.302749E-05
  37 -1.128968E-04  5.392511E-04 -8.395184E-05 -1.165710E-04  4.960053E-04
  38  4.520306E-07  2.164020E-04  2.442677E-04 -2.791234E-04 -2.767949E-05
  39  2.736603E-05 -2.295232E-04 -8.500230E-05 -3.335008E-05  3.497278E-04
  40 -3.922898E-04  2.794916E-04 -1.287538E-03  1.439697E-03 -7.697001E-04
  41 -1.360677E-05 -4.442961E-04 -9.186006E-04  1.916318E-03 -6.830486E-04
  42  5.264838E-04  1.077144E-04  7.553449E-04 -3.714602E-04  7.012533E-04
  26
  26  1.004730E-01
  27 -1.119376E-01  2.791084E-01
  28  2.428821E-03 -3.460852E-04  1.824902E-01
  29 -1.020325E-02 -4.599701E-04  1.429806E-01  1.980262E-01
  30  2.194776E-02 -7.165097E-04 -8.051411E-03 -1.061525E-02  4.866846E-02
  31 -1.558716E-03 -1.464043E-03  4.759699E-03 -1.420902E-02 -1.722140E-02
  32  1.084286E-02  1.033336E-02  6.410308E-03 -1.513181E-02 -1.661093E-02
  33 -2.127930E-02 -1.873886E-02 -9.518796E-04  2.355111E-03  1.282399E-03
  34  2.780670E-05  1.412218E-05  5.386252E-04  3.090855E-04  2.213806E-04
  35 -1.274061E-05  9.842412E-05  2.708053E-04  1.256873E-04  3.535181E-04
  36 -9.803331E-05  4.752866E-06 -1.930446E-04  1.958752E-04  1.011442E-04
  37 -3.998976E-05 -1.455906E-05 -2.353882E-03  2.702535E-04 -3.754571E-04
  38 -1.017833E-04 -1.886103E-04 -1.599892E-03  6.373701E-04 -1.573856E-04
  39 -1.321499E-04  3.595222E-04  1.268114E-04  2.748535E-05  6.971635E-04
  40  1.256885E-04 -6.722438E-04  3.779247E-04  2.551538E-04 -2.643556E-04
  41  5.880942E-04 -5.252735E-04  2.601688E-04  3.146590E-05 -2.433200E-04
  42 -2.005525E-04  6.197598E-04  1.059573E-04 -1.487479E-04  3.382650E-04
  31
  31  5.714904E-02
  32 -3.425281E-02  1.744794E-01
  33 -3.636281E-02  1.310738E-01  1.851662E-01
  34 -1.323328E-03 -7.131081E-05 -2.850628E-05  5.581106E-02
  35 -1.074436E-03  1.099110E-03  6.291836E-04 -3.230231E-02  1.767670E-01
  36 -4.235010E-04  5.852906E-04  7.735521E-04 -3.237656E-02  1.323321E-01
  37  6.917590E-04 -3.833151E-05  1.496033E-04 -3.429771E-03  4.250401E-04
  38 -7.569459E-05 -2.788651E-05  2.494916E-04  1.972847E-02 -8.838254E-03
  39 -2.996931E-04  2.245523E-04  9.641001E-05  2.238471E-02 -8.287974E-03
  40  2.696439E-05 -4.337532E-05 -3.835274E-05 -1.133501E-03 -3.063577E-03
  41  6.334237E-06 -3.542597E-05 -1.258789E-04 -1.776340E-03  1.076927E-02
  42 -5.492729E-05  8.277167E-05  6.408909E-06 -1.361096E-03  1.024242E-02
  36
  36  1.846750E-01
  37 -5.179438E-04  2.880259E-01
  38  4.169380E-03 -1.005408E-01  8.915426E-02
  39  3.180077E-03  3.137818E-02 -1.479394E-02  5.214119E-02
  40  5.124836E-03 -8.140207E-04  1.261166E-02 -2.815529E-02  4.960687E-02
  41 -2.150432E-02 -3.007653E-04 -5.990915E-03  1.134096E-02 -5.462363E-03
  42 -1.870871E-02  4.762572E-04  7.579287E-04 -3.012166E-03  1.100696E-02
  41
  41  9.985888E-02
  42 -1.121806E-01  2.796677E-01
&
&valid
version=1.0
geometry
atom_num=14
   8    -0.8785109723     1.1418934234     2.8406053371
   6    -1.1135068249     2.0547739069     3.7885992738
   6    -1.0484057886     1.4558403067     5.2366930246
   6    -0.0816647773     3.2359446442     3.7630980120
   6    -2.5305978130     2.7145302383     3.6572862546
   1    -0.0533197519     1.0191272733     5.3979549191
   1    -1.2405667191     2.1853183270     6.0424034864
   1    -1.7848543538     0.6453910455     5.3239131517
   1    -2.6108211958     3.1952862109     2.6725246021
   1    -3.2972969654     1.9290821593     3.7069447612
   1    -2.7586230415     3.4693894717     4.4301437302
   1    -0.2500641978     4.0063886363     4.5354907768
   1     0.9308035058     2.8308506098     3.8965502314
   1    -0.1171723322     3.7222579774     2.7784443335
end
molecule
molchg=-1
multip=1
qs_cuts=   0    0    0
end
basis
name=ps_6-31g*                       
numd=5
atom_basis_num=0
end
&
